1757462316992 149.4099789017376 0
1757462317039 206.52940058003338 1
1757462317077 258.1662640883181 2
1757462317124 187.00202621025326 3
1757462317171 255.6663343734768 4
1757462317205 112.82276524210572 5
1757462317243 61.92047676919002 6
1757462317313 172.48090137938905 7
1757462317358 158.66976053374157 8
1757462317399 98.11169108907066 9
1757462317436 199.23404906029597 10
1757462317486 135.5820964535784 11
1757462317526 121.1595892001377 12
1757462317562 79.43660002004967 13
1757462317602 254.6706755390037 14
1757462317642 15.685121737759323 15
1757462317688 780.2975271759623 16
1757462317724 152.9350239705523 17
1757462317764 2400.4947291050585 18
1757462317800 1445.615116727352 19
1757462317840 3908.871813620086 20
1757462317875 37688.84815553731 21
1757462317932 39862.36662540632 22
1757462317974 34894.82221329338 23
1757462318014 8198.095687349032 24
1757462318054 111791.9701524783 25
1757462318090 61915.5361885154 26
1757462318135 873212.2712894046 27
1757462318169 791378.8964689712 28
1757462318210 576455.3264188658 29
1757462318243 7540386.723147597 30
1757462318282 86811651.24732916 31
1757462318323 37249278.36895366 32
1757462318387 764755079.6776918 33
1757462318431 225615877.01899624 34
1757462318474 1769543715.5871024 35
1757462318532 407643105.0624006 36
1757462318571 25941856179.86203 37
1757462318622 3011034504.692497 38
1757462318666 23674679083.086494 39
1757462318710 20784663025.620674 40
1757462318745 304742290317.5192 41
1757462318782 28574321632.082695 42
1757462318810 954459938598.1381 43
1757462318837 210603212864.91104 44
1757462318865 987221057247.0724 45
1757462318901 24014434709231.785 46
1757462318985 6205115354149.332 47
1757462319021 40468187636627.12 48
1757462319064 11182084429185.307 49
1757462319106 16178639502186.436 50
1757462319142 52451355569410.91 51
1757462319179 1160970044720026.0 52
1757462319218 134774684695908.27 53
1757462319277 1571571899092991.8 54
1757462319343 1841007551237237.0 55
1757462319392 2.5677336907372132e+16 56
1757462319435 7.871343615319232e+16 57
1757462319475 8.332391623439846e+16 58
1757462319521 1.2777627210703276e+18 59
1757462319568 1.484429471840864e+18 60
1757462319605 2.7984445214394593e+18 61
1757462319648 6.395692974170204e+17 62
1757462319703 3.1823105524474614e+18 63
1757462319744 4.847146397056252e+18 64
1757462319782 1.6323979607973666e+16 65
1757462319822 2.0477056618356697e+20 66
1757462319865 1.862619209456891e+19 67
1757462319920 6.212717709209017e+20 68
1757462319960 2.777053562670908e+20 69
1757462320010 8.860774102486994e+21 70
1757462320063 1.074011858624799e+21 71
1757462320107 2.8982777305188616e+21 72
1757462320162 7.092934280841269e+21 73
1757462320196 8.21550289455417e+21 74
1757462320228 1.0543972834906422e+24 75
1757462320264 3.772975414427228e+22 76
1757462320298 4.031176648629675e+23 77
1757462320343 2.3822631369841816e+23 78
1757462320387 2.614820207229954e+23 79
1757462320422 1.4684746128180353e+25 80
1757462320459 1.0670451515477058e+25 81
1757462320497 2.6331576703326446e+25 82
1757462320539 2.732928863211291e+23 83
1757462320582 3.789604760815493e+25 84
1757462320625 2.059811377368977e+26 85
1757462320679 1.1063896604993804e+26 86
1757462320709 4.337509711825727e+26 87
1757462320745 5.0549639772782174e+26 88
1757462320791 1.0234450831617872e+28 89
1757462320836 4.9186536863544504e+26 90
1757462320891 8.746389931758267e+27 91
1757462320936 5.285774862533559e+28 92
1757462320979 1.0101791194215044e+30 93
1757462321025 1.7432563902329407e+29 94
1757462321077 1.802152379621014e+29 95
1757462321117 1.8553221871705803e+29 96
1757462321155 8.655521504916616e+29 97
1757462321204 1.7416973425831322e+30 98
1757462321249 2.132001156641705e+29 99
1757462321289 1.3461037127444507e+33 100
1757462321332 1.1804187343459919e+31 101
1757462321375 7.147226416880243e+30 102
1757462321432 9.908219610414723e+30 103
1757462321468 2.162661358979046e+32 104
1757462321519 7.751470787730028e+31 105
1757462321554 5.185869279640558e+33 106
1757462321586 3.729768358924122e+33 107
1757462321623 3.9206187673169966e+33 108
1757462321652 1.45917052827684e+34 109
1757462321692 2.3714154249348804e+34 110
1757462321741 8.084080415126111e+35 111
1757462321785 1.6426904765321993e+35 112
1757462321823 1.3026081648829795e+34 113
1757462321861 3.629465917376437e+35 114
1757462321913 2.5432601771880296e+37 115
1757462321961 7.01659568861429e+36 116
1757462321999 2.2010028548178146e+37 117
1757462322041 4.1259372325631593e+37 118
1757462322092 3.0518582925160357e+38 119
1757462322141 7.96131173849051e+39 120
1757462322178 4.165561156847335e+39 121
1757462322225 9.08940840191454e+37 122
1757462322270 6.992879728689108e+38 123
1757462322312 2.0995860207043952e+39 124
1757462322359 8.902365162262044e+37 125
1757462322408 2.0688865141056692e+40 126
1757462322450 6.955541845755531e+41 127
1757462322496 1.5691750927111898e+38 128
1757462322556 3.707126555341748e+41 129
1757462322613 4.5793446316096166e+39 130
1757462322650 2.396815480137244e+43 131
1757462322695 3.1787146026480164e+42 132
1757462322737 7.44242794268123e+42 133
1757462322789 2.2197064914719964e+42 134
1757462322834 5.673169547306234e+42 135
1757462322895 7.275129137282474e+44 136
1757462322940 3.4701852962509095e+44 137
1757462322993 1.651740323670006e+45 138
1757462323037 7.681696522733915e+44 139
1757462323087 8.128711576992564e+44 140
1757462323129 1.6992998408822068e+46 141
1757462323196 1.4448124027382514e+47 142
1757462323247 2.5467029617254953e+45 143
1757462323313 2.2724595858614882e+47 144
1757462323359 8.39902540954018e+47 145
1757462323395 1.2038329192225733e+47 146
1757462323442 1.2888261941422516e+49 147
1757462323487 1.1565114922338772e+48 148
1757462323544 2.231240978870268e+48 149
1757462323601 2.685883314689581e+48 150
1757462323646 1.4229257117837442e+49 151
1757462323692 3.0442147883195075e+48 152
1757462323752 4.1494382598747015e+48 153
1757462323798 3.0274904174387793e+50 154
1757462323837 6.409852678267131e+50 155
1757462323884 3.3422162197166e+51 156
1757462323957 6.983220807805079e+50 157
1757462324023 1.1947052394527468e+52 158
1757462324065 6.557411215619865e+53 159
1757462324104 1.2977403294822341e+52 160
1757462324145 6.8235186779584035e+53 161
1757462324188 1.494563839174922e+53 162
1757462324232 1.8071281593251566e+53 163
1757462324270 1.123737193005464e+53 164
1757462324311 7.108127841810027e+53 165
1757462324350 4.3749563796305396e+54 166
1757462324399 7.310887532599144e+54 167
1757462324442 9.257329114126622e+54 168
1757462324492 1.417184957487179e+55 169
1757462324543 1.9391743176763541e+55 170
1757462324587 6.78241590642904e+54 171
1757462324635 1.3084600232802192e+56 172
1757462324685 2.5299845114477967e+57 173
1757462324720 3.9256570909145177e+59 174
1757462324758 4.438327261163609e+58 175
1757462324801 2.0305929253111627e+58 176
1757462324843 1.3728857819770047e+58 177
1757462324877 1.2717524027975772e+57 178
1757462324931 1.426817493284174e+58 179
1757462324965 1.2802316495456618e+58 180
1757462325008 6.571357154214761e+58 181
1757462325062 8.744268818365753e+59 182
1757462325112 9.489361059860022e+59 183
1757462325165 4.148072750110723e+60 184
1757462325207 1.2717125750422386e+61 185
1757462325248 3.934243608688719e+61 186
1757462325292 4.9641363688746524e+61 187
1757462325331 2.95258369783519e+62 188
1757462325378 2.555669822370528e+62 189
1757462325426 2.6037499612967956e+61 190
1757462325482 4.527612011600761e+62 191
1757462325530 5.5748660617108834e+63 192
1757462325566 1.1507175693615545e+64 193
1757462325611 3.625642451621299e+63 194
1757462325664 2.3231470060243822e+64 195
1757462325706 6.576276119763267e+62 196
1757462325742 8.22971059456516e+64 197
1757462325781 1.9281249172538232e+62 198
1757462325824 2.2765031587078544e+66 199
1757462325886 5.00516481433048e+65 200
1757462325957 4.0976008223348887e+65 201
1757462325996 3.391146532441432e+66 202
1757462326041 8.994719979266786e+66 203
1757462326088 2.754291130939476e+67 204
1757462326140 1.4313620551765265e+68 205
1757462326189 9.350974590696276e+67 206
1757462326240 3.608815174798815e+69 207
1757462326283 1.751648519441473e+69 208
1757462326320 2.9071065036052467e+69 209
1757462326361 1.7510522451687445e+70 210
1757462326408 5.039635299249011e+69 211
1757462326448 1.6791370367730507e+71 212
1757462326493 2.3127198533135503e+70 213
1757462326535 6.142961172328227e+68 214
1757462326576 1.6572803702143659e+72 215
1757462326628 2.939840689177125e+69 216
1757462326683 4.272009766669553e+72 217
1757462326720 5.987057334088699e+70 218
1757462326775 7.15344608693145e+72 219
1757462326840 6.844438477646635e+72 220
1757462326884 3.115510526535507e+73 221
1757462326962 5.66573471786533e+73 222
1757462327013 1.105540578531882e+75 223
1757462327051 1.6436031889658759e+75 224
1757462327116 9.523300839950491e+75 225
1757462327167 1.757349902011795e+75 226
1757462327200 3.8344819327480895e+75 227
1757462327237 7.314916573668029e+73 228
1757462327286 5.678435648836926e+75 229
1757462327326 4.6266236217812496e+77 230
1757462327378 6.439838879210149e+77 231
1757462327421 6.456372350053102e+76 232
1757462327470 4.737493288846123e+77 233
1757462327512 1.255872664747477e+79 234
1757462327573 5.024054294555931e+75 235
1757462327627 8.527431265689706e+74 236
1757462327676 1.926589417565786e+79 237
1757462327713 1.1506614040978132e+79 238
1757462327744 3.1916915777253375e+79 239
1757462327777 8.017645593192554e+78 240
1757462327824 4.1176093990279944e+79 241
1757462327856 8.398701711970934e+77 242
1757462327888 2.8390452263175915e+80 243
1757462327940 1.880529731158066e+82 244
1757462327994 2.466099559437015e+82 245
1757462328046 3.689529426181459e+79 246
1757462328094 3.04855437020124e+82 247
1757462328154 3.16161418009324e+82 248
1757462328198 1.717456354398561e+83 249
1757462328243 1.5480681961817427e+84 250
1757462328287 1.6588844349455217e+84 251
1757462328347 1.2516271931882131e+85 252
1757462328386 4.26136912116039e+84 253
1757462328423 4.971358768576533e+83 254
1757462328477 1.5357916415066538e+85 255
1757462328522 3.314832333631756e+85 256
1757462328575 6.180264546189182e+85 257
1757462328620 1.6869729019036535e+85 258
1757462328675 6.555872489782632e+86 259
1757462328728 1.527157942589162e+87 260
1757462328770 7.307644404763176e+85 261
1757462328826 1.4728745627346367e+87 262
1757462328886 8.82841608581606e+87 263
1757462328929 1.769211359549385e+85 264
1757462328988 8.036056079315866e+88 265
1757462329032 3.062806587300743e+88 266
1757462329082 9.98939937223996e+88 267
1757462329138 9.317472333081454e+89 268
1757462329187 1.0160669331153515e+90 269
1757462329229 3.575998323626238e+89 270
1757462329278 2.2110476626404884e+90 271
1757462329317 1.630854718361299e+91 272
1757462329363 9.398727917027513e+88 273
1757462329405 1.1876521083370473e+92 274
1757462329457 1.1463867157650852e+91 275
1757462329497 1.7898161178628466e+91 276
1757462329543 1.11554524102671e+93 277
1757462329594 3.9824093000515503e+93 278
1757462329636 9.268127605894736e+92 279
1757462329690 3.465006483385319e+96 280
1757462329746 7.892963193406225e+94 281
1757462329802 1.2853552440628652e+95 282
1757462329843 5.409188372652231e+95 283
1757462329921 5.983790232253713e+95 284
1757462329959 2.9150005575791886e+95 285
1757462330014 3.770059720952077e+97 286
1757462330059 1.1725730125868113e+97 287
1757462330104 5.888457604928868e+97 288
1757462330161 1.1983128242684097e+97 289
1757462330207 9.818873250282755e+97 290
1757462330260 3.701980810147e+97 291
1757462330312 1.793515398734833e+98 292
1757462330366 8.005796826454864e+97 293
1757462330417 8.61733235795752e+98 294
1757462330465 1.8671599785491158e+97 295
1757462330518 8.622087105987356e+100 296
1757462330573 3.4662617529653723e+98 297
1757462330649 1.258746035275089e+101 298
1757462330698 5.614392875345252e+100 299
1757462330744 2.0672961489847925e+99 300
1757462330795 5.977208167041794e+100 301
1757462330848 1.7199354948940937e+102 302
1757462330893 8.671411103835685e+100 303
1757462330937 1.0361385256622958e+102 304
1757462330989 7.260020558948105e+101 305
1757462331060 8.2197714901364105e+102 306
1757462331113 5.653567432216337e+103 307
1757462331159 2.7644848961716137e+104 308
1757462331202 4.463470296450898e+102 309
1757462331254 2.12474246430457e+104 310
1757462331303 1.74335930591195e+104 311
1757462331340 1.6192405749089412e+106 312
1757462331384 3.297369196191977e+104 313
1757462331429 6.515025457680761e+105 314
1757462331479 4.696751701581321e+106 315
1757462331527 4.011700402346043e+103 316
1757462331575 6.076229094631783e+106 317
1757462331616 5.962290083788963e+106 318
1757462331665 7.7160749383064e+107 319
1757462331719 8.022367265322282e+107 320
1757462331758 3.997441746601189e+108 321
1757462331806 7.311484277000334e+108 322
1757462331853 2.233035244366875e+108 323
1757462331895 2.910735770447469e+109 324
1757462331950 1.9147960071328528e+110 325
1757462331984 5.240774045940767e+109 326
1757462332025 8.30429553616524e+109 327
1757462332075 6.217092797260994e+109 328
1757462332115 1.388226823365905e+112 329
1757462332157 2.511089227414969e+111 330
1757462332206 1.511478048478986e+112 331
1757462332252 2.0753916881783022e+111 332
1757462332296 2.3018141219779346e+112 333
1757462332353 4.744869107882537e+112 334
1757462332408 1.685720474963846e+113 335
1757462332470 1.3542215526433722e+114 336
1757462332516 2.080160333016956e+112 337
1757462332565 1.0111276728373862e+114 338
1757462332607 1.4880366410267115e+114 339
1757462332664 6.353598056607849e+115 340
1757462332720 6.244862239377509e+113 341
1757462332758 1.6875391822406748e+117 342
1757462332807 1.458619289847429e+117 343
1757462332868 1.7624370261327276e+115 344
1757462332905 2.337609988968767e+116 345
1757462332965 9.09496002726589e+115 346
1757462333022 1.4578835976450194e+117 347
1757462333067 1.6939934584647608e+118 348
1757462333108 2.6837602745255495e+119 349
1757462333169 2.350482838939156e+117 350
1757462333237 3.658950060042582e+119 351
1757462333312 2.9705401670943386e+118 352
1757462333364 1.8904008058228539e+118 353
1757462333408 2.131291982154259e+119 354
1757462333454 5.316669878315583e+118 355
1757462333499 1.7780848784194833e+120 356
1757462333546 7.717105848739166e+120 357
1757462333597 2.4566299569208007e+121 358
1757462333656 6.209387520209411e+121 359
1757462333705 2.7435413140712168e+121 360
1757462333751 2.8611122498137265e+121 361
1757462333798 1.1340740129751441e+122 362
1757462333852 2.4310637615594318e+123 363
1757462333901 7.363224859352511e+122 364
1757462333955 4.658867923579655e+123 365
1757462333998 1.912285836255457e+122 366
1757462334076 3.1102452276616985e+123 367
1757462334135 3.7793637278622777e+124 368
1757462334188 5.3854132012778054e+125 369
1757462334241 3.924649881011119e+124 370
1757462334285 4.3809107806117434e+125 371
1757462334330 2.383635633193287e+127 372
1757462334380 2.7941253758652173e+127 373
1757462334441 1.0712532632876735e+127 374
1757462334488 9.7137049742899e+127 375
1757462334540 3.5882717405700585e+126 376
1757462334587 1.8708078471901483e+127 377
1757462334643 2.2042012826900627e+126 378
1757462334682 2.06979951544212e+128 379
1757462334737 1.129009715427508e+129 380
1757462334785 4.4395128985638906e+129 381
1757462334840 5.98904993163577e+127 382
1757462334900 5.7040930899020825e+131 383
1757462334947 1.053720024838645e+130 384
1757462335005 6.95742743789927e+132 385
1757462335064 2.0484007758287245e+130 386
1757462335127 2.7097824978282503e+130 387
1757462335174 2.1333529742738405e+130 388
1757462335229 1.4565675784423198e+128 389
1757462335269 9.504965179144165e+131 390
1757462335311 1.0639763010319e+132 391
1757462335400 2.842491390306388e+133 392
1757462335468 6.704200338932031e+132 393
1757462335517 3.215891216860141e+133 394
1757462335576 2.2713643000943667e+134 395
1757462335629 1.3531427755716463e+135 396
1757462335677 2.1168787341319123e+134 397
1757462335725 5.677444631759715e+134 398
1757462335766 1.7230941731175919e+134 399
1757462335815 2.4648161689153168e+135 400
1757462335853 8.043113000961798e+135 401
1757462335903 3.630428747780118e+136 402
1757462335949 1.7419001790919555e+137 403
1757462336004 9.79720870827725e+136 404
1757462336049 6.374881968000617e+136 405
1757462336097 7.66419048822809e+137 406
1757462336152 1.155423907308698e+138 407
1757462336239 3.9094560965155286e+138 408
1757462336318 4.0808693800127167e+139 409
1757462336400 6.658774035398046e+138 410
1757462336442 9.478868221287235e+138 411
1757462336495 6.962301822440802e+139 412
1757462336546 1.7111885295692033e+141 413
1757462336592 3.3070664297351956e+140 414
1757462336652 5.1609195854426854e+141 415
1757462336702 2.437390324933205e+140 416
1757462336782 2.852769786920128e+142 417
1757462336830 1.0670023911696195e+141 418
1757462336881 1.5428257034887233e+143 419
1757462336941 2.055453843040727e+144 420
1757462336994 1.580969201078776e+144 421
1757462337042 2.1974053938358787e+143 422
1757462337096 1.7180902280702575e+143 423
1757462337153 4.329698694127625e+144 424
1757462337208 1.3388711874214672e+142 425
1757462337261 2.786412305820762e+142 426
1757462337335 5.895948652730306e+144 427
1757462337386 7.975670292217966e+144 428
1757462337437 1.456843169153279e+146 429
1757462337483 5.575630295051555e+142 430
1757462337552 1.8948855874655695e+146 431
1757462337625 5.981833210196103e+147 432
1757462337675 7.2980458559477134e+146 433
1757462337732 2.7253671506248957e+146 434
1757462337779 2.5096829332033507e+147 435
1757462337837 4.584325378746994e+148 436
1757462337888 4.4659102641834334e+148 437
1757462337936 2.3672494325430499e+148 438
1757462337990 5.181734349739588e+149 439
1757462338037 6.481952819662704e+149 440
1757462338083 2.6613128124293784e+149 441
1757462338134 3.577508411584511e+151 442
1757462338183 9.042891080027551e+149 443
1757462338233 2.088414487415098e+150 444
1757462338285 1.27664635089586e+152 445
1757462338341 2.5155575976539514e+152 446
1757462338388 1.7782353534259516e+151 447
1757462338436 7.683185824353388e+151 448
1757462338484 4.293757458087447e+153 449
1757462338540 2.903635989486632e+153 450
1757462338576 3.0345128702272117e+153 451
1757462338619 1.3201994964903295e+153 452
1757462338657 9.587361498331978e+153 453
1757462338700 5.983592605465065e+154 454
1757462338748 8.809315381582426e+154 455
1757462338783 8.116730314547327e+156 456
1757462338835 1.5547686129445951e+156 457
1757462338881 6.831531014384139e+155 458
1757462338988 7.614297660257413e+155 459
1757462339056 9.710767732629044e+156 460
1757462339113 5.019443109999655e+157 461
1757462339164 3.003059862921999e+156 462
1757462339205 1.9689448563222804e+154 463
1757462339261 7.11290435252257e+157 464
1757462339310 6.744817720111397e+156 465
1757462339358 5.064500241533164e+159 466
1757462339407 9.130437869052156e+158 467
1757462339450 1.7633837899486636e+160 468
1757462339510 5.78644287985944e+159 469
1757462339571 1.0904410587026165e+160 470
1757462339609 4.1926605643801775e+160 471
1757462339659 5.998485570643347e+160 472
1757462339711 1.562734293571824e+160 473
1757462339762 3.514560328303524e+162 474
1757462339812 1.4094047882625249e+162 475
1757462339871 4.116023180077241e+161 476
1757462339912 2.8364819062418713e+158 477
1757462339959 4.794902980560717e+162 478
1757462340018 1.7412521009597364e+162 479
1757462340065 3.9465646708565175e+163 480
1757462340100 5.257304118735422e+163 481
1757462340136 3.519834060122514e+163 482
1757462340171 5.394272419729294e+164 483
1757462340214 1.3836984507300716e+165 484
1757462340275 4.1262296707998293e+164 485
1757462340321 1.4372702689069006e+166 486
1757462340357 1.9409447945149775e+167 487
1757462340393 1.0423532197981133e+166 488
1757462340428 6.43825454974324e+166 489
1757462340500 3.478081497817051e+166 490
1757462340545 1.5323480723296522e+167 491
1757462340582 1.1752762180732868e+167 492
1757462340618 2.3148142670101915e+168 493
1757462340654 6.117256404687325e+167 494
1757462340690 1.5172022156389569e+168 495
1757462340731 3.9316666211765344e+169 496
1757462340778 3.04537310008387e+169 497
1757462340823 7.667276800004516e+168 498
1757462340880 1.2037388663863532e+169 499
