1757462768918 154.46496950204846 0
1757462768957 156.48262992732322 1
1757462769001 106.12287860315415 2
1757462769037 51.36386634539958 3
1757462769073 2601.332022926094 4
1757462769149 34662.96790679536 5
1757462769206 2284136.3182443953 6
1757462769263 114600287.74454848 7
1757462769315 2266694097.694354 8
1757462769365 47045223867.08321 9
1757462769414 216788573354.6951 10
1757462769464 13782270710958.486 11
1757462769526 1341070267343481.8 12
1757462769582 1.968503339398817e+16 13
1757462769652 3.277183751859311e+17 14
1757462769701 4.269358589273751e+18 15
1757462769750 8.332304677978867e+19 16
1757462769801 4.725651770175351e+21 17
1757462769855 7.922800677583596e+21 18
1757462769903 2.5228754544241037e+25 19
1757462769941 1.5216583507536398e+26 20
1757462770077 1.4245037783348133e+27 21
1757462770143 9.36712057785312e+28 22
1757462770198 6.543089532858152e+30 23
1757462770255 3.991035713981142e+29 24
1757462770305 6.648715871077116e+33 25
1757462770418 3.2980860569688626e+34 26
1757462770463 2.7844072030662165e+36 27
1757462770511 3.605441916994605e+38 28
1757462770559 8.089967061222294e+39 29
1757462770613 1.7742239015128732e+42 30
1757462770670 1.0173165697426585e+42 31
1757462770728 1.0078392192832238e+44 32
1757462770782 5.001456444123433e+44 33
1757462770830 2.656159155571141e+47 34
1757462770882 1.1698309976764479e+48 35
1757462770934 4.169256872002036e+49 36
1757462770982 1.5569364207854752e+51 37
1757462771018 5.124650991228977e+52 38
1757462771062 1.2644535309220764e+53 39
1757462771112 5.5234325190618e+54 40
1757462771155 2.7441785575942394e+56 41
1757462771211 1.2340192818848847e+59 42
1757462771277 1.0228662787342657e+60 43
1757462771325 2.3967671786997434e+61 44
1757462771375 4.650386474016407e+61 45
1757462771426 3.564435057488569e+65 46
1757462771473 1.1999951717436314e+67 47
1757462771518 2.895595933764817e+67 48
1757462771578 6.718139763676447e+69 49
1757462771624 4.41895413438262e+69 50
1757462771674 7.481601448307343e+71 51
1757462771730 1.3338440499879466e+73 52
1757462771793 7.707617972158591e+74 53
1757462771846 4.554109430381836e+75 54
1757462771898 2.2657673791040804e+77 55
1757462771950 7.924076714421581e+78 56
1757462771997 5.7195857363574e+78 57
1757462772055 2.0715276030456603e+81 58
1757462772095 9.328590849121036e+82 59
1757462772139 3.981632958150356e+84 60
1757462772195 1.2382632982576009e+86 61
1757462772248 5.934289721533337e+87 62
1757462772301 4.947718879251384e+89 63
1757462772355 5.092310914952368e+89 64
1757462772398 1.6755009523474603e+92 65
1757462772452 2.0265132113575714e+93 66
1757462772513 3.44055049916974e+94 67
1757462772566 4.567701796998436e+96 68
1757462772614 6.289332730654449e+97 69
1757462772672 1.2419522640377342e+99 70
1757462772722 2.6952614847481035e+100 71
1757462772768 9.189972068035966e+101 72
1757462772820 8.648693146177774e+101 73
1757462772871 2.1100623119397103e+105 74
1757462772944 6.593618450872088e+106 75
1757462772995 1.3768162121825475e+108 76
1757462773053 1.9371132813164133e+111 77
1757462773106 2.421893289949437e+111 78
1757462773158 3.2573989850723705e+112 79
1757462773206 2.1140947874410645e+113 80
1757462773272 2.503146654692252e+115 81
1757462773321 1.0495440143921389e+117 82
1757462773373 7.398951674970249e+118 83
1757462773429 3.090404023522523e+120 84
1757462773482 4.551077673021862e+120 85
1757462773532 9.642251067860646e+122 86
1757462773585 7.907371898688179e+123 87
1757462773632 7.308095440700241e+125 88
1757462773681 2.74333098630314e+128 89
1757462773734 9.46949134225788e+128 90
1757462773778 9.299362030745197e+129 91
1757462773827 5.855456760037105e+131 92
1757462773879 5.376622028541243e+132 93
1757462773925 1.911781107012827e+133 94
1757462773976 5.084339847978338e+135 95
1757462774045 4.206376865043297e+137 96
1757462774110 3.535916053767362e+138 97
1757462774164 8.299435938351223e+139 98
1757462774214 4.33830296881179e+141 99
1757462774261 4.7337125322291584e+142 100
1757462774328 3.2294086718933896e+145 101
1757462774386 5.122778563927113e+145 102
1757462774446 7.461459028056635e+147 103
1757462774497 3.6876277715330475e+148 104
1757462774547 2.484611446522765e+150 105
1757462774616 3.039653216743472e+151 106
1757462774664 1.3577265390402225e+153 107
1757462774711 4.23482380222406e+155 108
1757462774750 8.502321338440181e+155 109
1757462774805 5.913908354149667e+157 110
1757462774870 4.834260001042957e+158 111
1757462774937 6.421214895701508e+160 112
1757462774984 1.1205877751992251e+161 113
1757462775051 6.390711655353318e+163 114
1757462775099 7.692045120586569e+165 115
1757462775149 4.155912600668884e+166 116
1757462775202 7.632267100476062e+167 117
1757462775268 5.1550758213855836e+169 118
1757462775343 4.337603226710075e+170 119
1757462775396 2.3401874838916622e+172 120
1757462775444 1.5196773411545648e+174 121
1757462775499 7.950345484871517e+171 122
1757462775555 1.426003691111143e+176 123
1757462775614 9.911260123400522e+177 124
1757462775667 1.2119104602547137e+180 125
1757462775715 3.041131534204269e+181 126
1757462775771 3.5113788854164934e+182 127
1757462775828 1.571288095803896e+184 128
1757462775882 1.0570779816265762e+185 129
1757462775941 8.123581759928161e+186 130
1757462775988 1.580826191385979e+188 131
1757462776044 4.743641573069773e+189 132
1757462776103 1.0047810239885404e+191 133
1757462776158 1.1102664394421396e+192 134
1757462776223 1.1350943596606194e+194 135
1757462776313 1.1688228421521888e+196 136
1757462776369 2.3294990617967727e+197 137
1757462776412 5.057623253118744e+199 138
1757462776467 1.8812257757482636e+200 139
1757462776514 7.02636929465324e+201 140
1757462776574 5.945950760194751e+202 141
1757462776629 1.31911645803136e+204 142
1757462776676 7.884676734843023e+205 143
1757462776741 3.226381711715628e+204 144
1757462776797 5.2888348435270725e+208 145
1757462776866 1.2194298166314386e+210 146
1757462776928 5.847240382437056e+210 147
1757462776980 1.645998654233322e+213 148
1757462777038 3.6928435986791924e+214 149
1757462777088 1.5595730612369077e+214 150
1757462777150 6.677093908540392e+216 151
1757462777196 2.91594038777303e+218 152
1757462777259 2.464586553457906e+220 153
1757462777310 4.807508451180906e+221 154
1757462777359 3.9947374795578106e+223 155
1757462777433 5.208140339898967e+224 156
1757462777487 3.806277555305323e+226 157
1757462777552 3.006310710325143e+227 158
1757462777631 1.736508198830254e+229 159
1757462777702 2.2991957266330203e+230 160
1757462777759 1.2748091724142714e+232 161
1757462777818 3.396145106969488e+233 162
1757462777872 9.724110255553377e+235 163
1757462777933 6.022745820173263e+236 164
1757462777987 5.119401927270849e+236 165
1757462778026 2.52130752353368e+239 166
1757462778089 2.8714154292687056e+241 167
1757462778152 2.729951334667502e+243 168
1757462778211 6.98533105549816e+243 169
1757462778279 3.192294014805592e+245 170
1757462778334 1.3534083554030661e+248 171
1757462778394 5.824166240168117e+248 172
1757462778451 4.220084180360645e+249 173
1757462778504 4.721015756758834e+251 174
1757462778565 1.3028585894046782e+252 175
1757462778639 8.08422685992737e+253 176
1757462778700 6.3880888604796656e+255 177
1757462778753 2.441160021172992e+257 178
1757462778805 4.9448505229770235e+258 179
1757462778868 1.5727254364087243e+259 180
1757462778933 3.0878715877726615e+261 181
1757462778984 6.734039149968637e+263 182
1757462779043 1.400438334588281e+264 183
1757462779102 2.9584084105784556e+265 184
1757462779153 8.045087297217468e+266 185
1757462779203 4.9922933730543686e+268 186
1757462779267 7.371597669878118e+269 187
1757462779335 6.609740517585786e+271 188
1757462779399 2.2674029635023114e+273 189
1757462779446 9.113477817979916e+274 190
1757462779486 3.935780882664118e+275 191
1757462779549 2.9213256750853555e+277 192
1757462779603 3.423069986684333e+279 193
1757462779675 3.8646146737141766e+280 194
1757462779731 9.571918370844974e+282 195
1757462779790 8.02830971483913e+283 196
1757462779860 6.739934106541143e+284 197
1757462779924 2.2400864431166367e+286 198
1757462779978 7.664771766383017e+287 199
1757462780033 2.9027212876543463e+288 200
1757462780091 3.204765893024246e+288 201
1757462780157 9.028119808372641e+291 202
1757462780213 2.154597766451499e+293 203
1757462780269 2.6617810885996274e+295 204
1757462780315 2.6587552774717695e+295 205
1757462780377 4.785908425943359e+297 206
1757462780431 4.891925865356482e+299 207
1757462780497 2.8758005984889936e+300 208
1757462780552 1.4219802630316186e+302 209
1757462780608 1.26190964163068e+304 210
1757462780666 6.667088500168544e+304 211
1757462780732 3.239876738219999e+306 212
