1757462810814 173.8419980592988 0
1757462810861 155.5638120157604 1
1757462810925 179.47810503176512 2
1757462810971 156.38224986217267 3
1757462811062 148.8823874562938 4
1757462811125 173.4613522568851 5
1757462811182 165.008014261533 6
1757462811225 191.7092286388224 7
1757462811283 191.87506701527155 8
1757462811338 175.3315020115933 9
1757462811408 148.99566746201884 10
1757462811462 206.73730685625125 11
1757462811519 189.6996617476862 12
1757462811574 150.00677174161916 13
1757462811647 171.10438516079608 14
1757462811721 177.15757340589093 15
1757462811785 177.2877389318017 16
1757462811852 169.68253731044186 17
1757462811904 154.95375340349867 18
1757462811952 168.02768274583718 19
1757462812001 165.84212840994306 20
1757462812090 164.91973039260506 21
1757462812156 167.17285769756077 22
1757462812268 173.73204946899796 23
1757462812318 168.55256481015482 24
1757462812379 181.7742405426883 25
1757462812430 168.7325373747812 26
