1757462384232 158.67381249325547 0
1757462384265 162.40675817175205 1
1757462384299 171.9855675934218 2
1757462384345 173.39759126340013 3
1757462384392 165.1619341808725 4
1757462384456 173.4269176179879 5
1757462384496 165.69947450749586 6
1757462384537 165.36944751285665 7
1757462384582 153.80967074336124 8
1757462384615 195.6659792125721 9
1757462384671 172.12722145032828 10
1757462384715 180.77081444831916 11
1757462384749 196.16013613873915 12
1757462384785 158.18554830164626 13
1757462384831 151.56049061823654 14
1757462384866 172.80202875599414 15
1757462384917 208.1276530308174 16
1757462384953 158.56493800256695 17
1757462384990 176.20688251148252 18
1757462385026 302.52601462384905 19
1757462385063 194.17031065408213 20
1757462385108 200.31012821671985 21
1757462385148 170.3025970334961 22
1757462385194 197.84223346084124 23
1757462385231 170.4847385008118 24
1757462385274 159.06781906177196 25
1757462385316 145.3760206575842 26
1757462385361 171.6719334076275 27
1757462385399 176.27989344327437 28
1757462385472 162.65586148689616 29
1757462385543 197.2454771826925 30
1757462385587 202.52058896638158 31
1757462385625 160.09206808318885 32
1757462385677 177.14819982070316 33
1757462385720 184.97150699314517 34
1757462385763 164.9590949376991 35
1757462385812 162.72049488652067 36
1757462385871 192.33199350281578 37
1757462385914 147.4531018736308 38
1757462385945 166.28079489703245 39
1757462385982 167.4587198221553 40
1757462386018 153.8259385426009 41
1757462386059 167.06541251369683 42
1757462386107 160.58089082041698 43
1757462386147 117.4260837744887 44
1757462386182 168.36899735697602 45
1757462386232 165.09845954482412 46
1757462386270 167.15509541776163 47
1757462386318 155.3536322037823 48
1757462386352 172.7418395485556 49
1757462386396 165.88298116441945 50
1757462386438 168.34233660637148 51
1757462386493 168.95164534076093 52
1757462386522 153.2287891556579 53
1757462386569 155.8386498574136 54
1757462386608 180.10843599578965 55
1757462386643 168.7718329340507 56
1757462386684 153.3507560184135 57
1757462386723 163.37962941051262 58
1757462386763 172.3833013955028 59
1757462386804 181.56056497941174 60
1757462386846 179.19431435650097 61
1757462386886 157.8717686774688 62
1757462386928 162.94246565913272 63
1757462386977 165.61947466405135 64
1757462387033 194.74136507866953 65
1757462387074 201.13911915523136 66
1757462387115 174.5077375490869 67
1757462387157 179.99379152207655 68
1757462387215 175.30954744771398 69
1757462387254 160.42552395488104 70
1757462387298 185.86645650846089 71
1757462387335 183.69019049139985 72
1757462387373 166.4127645826057 73
1757462387413 199.8065114715359 74
1757462387449 169.3246540541205 75
1757462387497 214.7749091779862 76
1757462387548 198.67997034051652 77
1757462387594 157.2089068634045 78
1757462387634 180.5009038635374 79
1757462387674 183.98361236871804 80
