1757463037781 158.2944362689174 0
1757463037852 120.90532690296617 1
1757463037926 194.72091656242833 2
1757463037993 174.17631887213358 3
1757463038045 231.50145327479623 4
1757463038118 130.89774981713956 5
1757463038190 112.71362082032621 6
1757463038274 117.911072506739 7
1757463038341 215.37285250724136 8
1757463038417 297.5676871082971 9
1757463038505 115.62480957054937 10
1757463038566 1788.766125573226 11
1757463038629 1645.6514516732848 12
1757463038700 1397.6477470022949 13
1757463038837 3918.7134338205665 14
1757463038906 2916.4852129552637 15
1757463038976 9.587167321666888 16
1757463039040 2469153.936929365 17
1757463039100 471366.96534020867 18
1757463039175 512713.33500525146 19
1757463039251 2317115.341221423 20
1757463039322 4647.489906674182 21
1757463039426 33950823.733342096 22
1757463039501 150378616.41250542 23
1757463039578 99231457.87356083 24
1757463039642 3849481413.9382486 25
1757463039711 38865025736.32112 26
1757463039771 55009504070.81665 27
1757463039842 335205590.6400641 28
1757463039899 247139705832.0222 29
1757463039973 1475103768316.386 30
1757463040051 11203615266.349697 31
1757463040132 1248245368147.0193 32
1757463040199 505515149597.7116 33
1757463040256 4028692503294.2534 34
1757463040323 1055286511090.2334 35
1757463040401 4274807570661.7627 36
1757463040476 1749231697980687.5 37
1757463040539 2094366289623082.5 38
1757463040605 554270403343697.9 39
1757463040667 113984214337.29872 40
1757463040734 50320080175099.945 41
1757463040822 7954306261813609.0 42
1757463040884 343740601065864.3 43
1757463040951 5.7290148522228966e+17 44
1757463041015 5.760977967221892e+17 45
1757463041089 1.6597649943577984e+17 46
1757463041207 1.7423841303913518e+18 47
1757463041270 1.6977812240769336e+18 48
1757463041347 6.301937891907285e+20 49
1757463041426 8.868959082365995e+20 50
1757463041495 4.092118944557075e+22 51
1757463041562 2.211181717332806e+22 52
1757463041634 5.331229757731198e+19 53
1757463041713 1.1939733337826247e+21 54
1757463041824 2.8682639853063804e+23 55
1757463041891 6.51016646556106e+23 56
1757463041967 7.546495115979817e+22 57
1757463042040 7.746141489816999e+23 58
1757463042160 3.788650749627335e+23 59
1757463042260 5.869325237115547e+24 60
1757463042348 5.662598972173196e+24 61
1757463042438 7.151082901905655e+24 62
1757463042524 5.13909610266105e+25 63
1757463042600 2.5449757098518452e+26 64
1757463042668 8.740608172676826e+26 65
1757463042756 9.986629112553481e+26 66
1757463042833 7.675878925622842e+25 67
1757463042902 1.7961405872462452e+29 68
1757463042968 9.176842226276115e+28 69
1757463043041 3.2157859117877206e+30 70
1757463043105 1.8057678106821425e+30 71
1757463043200 5.800513572066845e+31 72
1757463043291 3.200767683622532e+32 73
1757463043417 3.0015734842383304e+32 74
1757463043495 9.782353953749984e+31 75
1757463043575 6.701933280765535e+32 76
1757463043646 5.349163469049616e+34 77
1757463043722 2.7822898818758246e+34 78
1757463043790 4.10690558229377e+32 79
1757463043861 9.428718376688648e+35 80
1757463043949 1.1854961799133914e+35 81
1757463044019 1.0207050652140471e+36 82
1757463044108 7.001425419793527e+36 83
1757463044217 9.547417791639921e+35 84
1757463044311 1.2554957598053928e+38 85
1757463044381 1.1488625219171743e+37 86
1757463044467 7.820999556690744e+37 87
1757463044545 4.288335559739027e+37 88
1757463044637 5.014153073842239e+38 89
1757463044708 4.48543853448486e+38 90
1757463044785 1.9485680380175505e+35 91
1757463044860 2.824696575653419e+40 92
1757463044943 3.3824684991531205e+40 93
1757463045022 1.539365547641056e+42 94
1757463045098 1.418329346443186e+42 95
1757463045175 6.178832673322932e+42 96
1757463045254 1.1337502861451616e+42 97
1757463045339 3.0032150911200264e+44 98
1757463045413 5.111278688231697e+43 99
1757463045490 8.693503992530613e+43 100
1757463045567 1.6348709015899357e+46 101
1757463045675 1.55894264785693e+44 102
1757463045745 5.128137408671926e+46 103
1757463045817 3.589792813051416e+45 104
1757463045886 9.920658183355137e+47 105
1757463045958 4.655967502583219e+47 106
1757463046033 4.361956146752647e+48 107
1757463046141 1.7616088585610686e+47 108
1757463046251 3.673755650126372e+49 109
1757463046342 5.230980511029062e+49 110
1757463046401 1.0256412119876625e+51 111
1757463046469 2.6598418099163277e+51 112
1757463046549 1.1077115802108033e+50 113
1757463046644 1.1781163009256353e+52 114
1757463046732 3.8797774223463335e+52 115
1757463046817 1.8547072550750985e+52 116
1757463046897 5.261071115497475e+52 117
1757463046982 5.385242374680424e+52 118
1757463047059 5.029875320071979e+51 119
1757463047169 2.057371758456133e+53 120
1757463047251 5.724111461253048e+53 121
1757463047319 3.128933109117775e+54 122
1757463047391 1.0124157689254279e+55 123
1757463047474 2.329502395724151e+56 124
1757463047542 1.53886907824057e+55 125
1757463047624 1.0292690701720593e+55 126
1757463047702 1.5392823814383764e+56 127
1757463047771 1.3093492415566822e+57 128
1757463047837 4.797246316706703e+57 129
1757463047919 2.619598059615193e+60 130
1757463047990 2.98847666508838e+58 131
1757463048064 3.4403968831658345e+60 132
1757463048177 6.327688500170288e+57 133
1757463048242 5.891532269028636e+61 134
1757463048304 5.016626107297634e+61 135
1757463048384 3.0825500745079133e+62 136
1757463048455 9.409290840459385e+62 137
1757463048517 2.9247563084465348e+63 138
1757463048573 1.5971090120370357e+64 139
1757463048639 3.1922972565658916e+61 140
1757463048698 7.614353676430079e+64 141
1757463048765 8.419711530626856e+63 142
1757463048846 2.680178803386901e+65 143
1757463048903 1.9819283976056713e+66 144
1757463048978 2.9177250400986655e+67 145
1757463049060 4.1066699865082007e+67 146
1757463049129 3.33923351851111e+68 147
1757463049191 1.253398628550958e+68 148
1757463049260 7.809835781074834e+69 149
1757463049326 5.2273539145410805e+69 150
1757463049393 1.7906176431096352e+70 151
1757463049462 5.874191547174264e+69 152
1757463049530 1.501973639496326e+71 153
1757463049603 7.983473507529417e+69 154
1757463049675 1.2310926645710785e+71 155
1757463049801 1.4012898439158723e+73 156
1757463049889 3.082017677359519e+71 157
1757463049962 1.380295716242479e+71 158
1757463050040 2.0408166471279033e+72 159
1757463050117 1.8037030315908044e+73 160
1757463050186 7.25583056095987e+73 161
1757463050246 2.2027031960685277e+71 162
1757463050313 4.751739488846692e+71 163
1757463050378 9.098618314041945e+72 164
1757463050449 1.461866332211308e+74 165
1757463050526 4.535815546169978e+74 166
1757463050621 1.4020615460743922e+76 167
1757463050728 6.247695770502724e+76 168
1757463050790 3.2880393435026083e+75 169
1757463050860 2.1701196976115824e+76 170
1757463050925 5.1464246140929766e+76 171
1757463051005 7.138824964080729e+77 172
1757463051089 4.5266746787368545e+77 173
1757463051161 2.832807814755851e+76 174
1757463051231 2.048880905626807e+79 175
1757463051301 8.961389171629376e+79 176
1757463051371 3.3737182684620427e+80 177
1757463051432 5.891911316589953e+80 178
1757463051497 5.447180560035161e+81 179
1757463051567 6.00598409765601e+82 180
1757463051633 9.496468852075568e+81 181
1757463051713 2.771836327594135e+83 182
1757463051803 1.6347988511720067e+82 183
1757463051874 4.687822846279903e+82 184
1757463051938 1.0047091419566383e+83 185
1757463052012 2.950772539264763e+84 186
1757463052085 2.8824522717199583e+85 187
1757463052166 2.6057130340544093e+85 188
1757463052225 8.656742604966841e+85 189
1757463052286 6.513813002667097e+85 190
1757463052368 3.0280748015494703e+85 191
1757463052430 1.7791280119552976e+83 192
1757463052494 3.320477751587267e+88 193
1757463052563 8.596641893597922e+88 194
1757463052629 7.263877688940157e+88 195
1757463052697 2.4049963658034933e+88 196
1757463052766 1.0344222013584197e+90 197
1757463052840 9.927288264668736e+89 198
1757463052907 3.025143499028912e+90 199
1757463053003 1.189680993688459e+89 200
1757463053070 1.1188156899574935e+90 201
1757463053145 2.1676713073649946e+91 202
1757463053223 7.178246554554473e+92 203
1757463053282 4.498949978584303e+91 204
1757463053347 1.985538101177086e+93 205
1757463053428 5.358918248736951e+92 206
1757463053527 1.6840867771490496e+93 207
1757463053654 8.786900648138087e+95 208
1757463053718 6.1710709091679204e+94 209
1757463053801 1.0275163117991418e+97 210
1757463053935 1.6308288879565685e+94 211
1757463054019 3.5421064424765954e+96 212
1757463054101 2.1276174525258198e+92 213
1757463054202 5.019492432844344e+97 214
1757463054273 1.8213240277417844e+99 215
1757463054359 3.808504039552806e+98 216
1757463054435 2.5731049109193468e+100 217
1757463054531 1.459581227412937e+99 218
1757463054625 7.827313372614046e+99 219
1757463054721 5.641772706014945e+100 220
1757463054786 2.938940176911862e+99 221
1757463054888 8.376033259189937e+101 222
1757463054965 8.524347087522332e+103 223
1757463055043 7.318022157873824e+103 224
1757463055123 2.1930290140302183e+104 225
1757463055207 5.120837246962125e+104 226
1757463055291 1.1375591435996305e+106 227
1757463055376 1.0779899030137069e+103 228
1757463055457 4.35956294233826e+105 229
1757463055529 3.1791794048929476e+106 230
1757463055604 5.997159110982818e+105 231
1757463055687 3.564317196340558e+104 232
1757463055768 5.07210998166856e+106 233
1757463055865 2.198494561461795e+106 234
1757463055933 1.7569697765283832e+107 235
1757463056006 5.709125824175928e+106 236
1757463056073 6.808946850052513e+107 237
1757463056159 2.456472956156296e+107 238
1757463056247 2.60739128277633e+106 239
1757463056307 1.6501129129840472e+109 240
1757463056383 7.55585795088125e+109 241
1757463056446 2.5035386934874497e+110 242
1757463056517 8.30695786663964e+111 243
1757463056606 8.565486880593934e+111 244
1757463056665 2.2172316584598446e+113 245
1757463056743 8.201355790355375e+112 246
1757463056812 7.344136673198489e+112 247
1757463056874 1.0802829806163313e+115 248
1757463056927 3.999595074514632e+115 249
1757463056981 8.034091933482108e+110 250
1757463057063 1.0459712757407604e+116 251
1757463057130 3.442596627527687e+114 252
1757463057208 4.3426713077878275e+118 253
1757463057281 2.440511731053757e+116 254
1757463057352 3.399830134352613e+117 255
1757463057424 6.114650925337685e+117 256
1757463057499 4.494220236745824e+115 257
1757463057579 1.5886748330764725e+119 258
1757463057650 1.618567317495716e+117 259
1757463057719 1.4844501806268507e+121 260
1757463057799 1.1184949879782127e+121 261
1757463057863 2.3830512871865697e+120 262
1757463057937 1.9529500580343468e+121 263
1757463058010 6.82698341536295e+122 264
1757463058083 1.231521136764505e+121 265
1757463058165 4.0263649248133e+121 266
1757463058235 1.540606802394349e+123 267
1757463058311 1.1347877645638732e+121 268
1757463058384 4.1097340651732175e+123 269
1757463058452 5.203842069654899e+122 270
1757463058515 4.592352342874285e+124 271
1757463058584 4.029722655295392e+122 272
1757463058666 2.2556701035554358e+125 273
1757463058751 4.515343330080005e+125 274
1757463058819 5.7993216621974e+123 275
1757463058884 8.562594185911166e+126 276
1757463058956 1.5002035455141957e+126 277
1757463059024 1.8920221451373424e+127 278
1757463059093 1.6189007112293098e+127 279
1757463059191 9.748572183550165e+127 280
1757463059268 1.7895758004838695e+129 281
1757463059337 1.2495523606006523e+129 282
1757463059426 3.8454081623141697e+126 283
1757463059506 5.2924805546025084e+125 284
1757463059574 3.178914005763945e+130 285
1757463059658 3.130601874671204e+130 286
1757463059741 3.154492140826226e+126 287
1757463059812 7.2178685526797e+131 288
1757463059888 1.5535846979162754e+133 289
1757463059949 3.6510778075094075e+133 290
1757463060048 1.5006111798126981e+133 291
1757463060132 4.906367016040579e+133 292
1757463060209 2.6964922610215392e+129 293
1757463060263 6.5685278580432e+134 294
1757463060321 2.3349277073616307e+134 295
1757463060373 1.4947063780842962e+134 296
1757463060436 3.2779499877905763e+135 297
1757463060494 1.3774585732926406e+133 298
1757463060562 4.963327052482878e+136 299
1757463060637 3.973367868102098e+136 300
1757463060690 1.304591291449692e+139 301
1757463060753 2.3932748350790377e+139 302
1757463060816 3.9299062463497133e+138 303
1757463060874 7.45932267584505e+138 304
1757463060946 4.345705643402946e+139 305
1757463061026 5.106284132653042e+139 306
1757463061086 2.6820603510957367e+140 307
1757463061150 1.103948324742512e+140 308
1757463061219 5.6638889284251265e+141 309
1757463061293 2.4613279674569964e+140 310
1757463061374 2.32529689301563e+142 311
1757463061469 9.321234201728674e+142 312
1757463061563 3.660075732140547e+142 313
1757463061665 1.3647413093923298e+145 314
1757463061742 6.17134434057215e+144 315
1757463061818 7.659930898306047e+144 316
1757463061889 3.2707374906086947e+145 317
1757463061955 9.532022264885575e+145 318
1757463062023 4.562313505222155e+146 319
1757463062109 2.357515086550174e+145 320
1757463062167 1.2149780217285595e+147 321
1757463062252 6.27229758770516e+145 322
1757463062326 2.67272034770499e+148 323
1757463062406 3.248116975641086e+147 324
1757463062493 1.8054432985947678e+147 325
1757463062562 4.430533864466975e+146 326
1757463062626 1.1172511777195893e+150 327
1757463062693 5.527602895155592e+148 328
1757463062762 1.8331157036320188e+150 329
1757463062822 5.540278143959974e+148 330
1757463062902 3.5809192298760696e+150 331
1757463062979 2.941475213306743e+151 332
1757463063051 4.1347179578089165e+152 333
1757463063119 2.906388091116202e+153 334
1757463063184 1.165475683429582e+155 335
1757463063256 5.453564901189707e+152 336
1757463063329 3.3839984196974814e+154 337
1757463063402 5.739262959488632e+155 338
1757463063509 3.221525862164225e+155 339
1757463063563 3.5831748976356032e+155 340
1757463063617 5.390935178702477e+156 341
1757463063689 5.4438924610566904e+156 342
1757463063778 3.8065870265514374e+157 343
1757463063837 5.368103023724433e+155 344
1757463063897 1.5805360533212388e+159 345
1757463063968 2.1737815433710068e+158 346
1757463064056 2.6335174621845674e+158 347
1757463064124 2.5420391418652706e+159 348
1757463064197 2.1954463702933923e+159 349
1757463064265 6.167162173577895e+160 350
1757463064357 1.1821358240257868e+157 351
1757463064447 1.125564636459432e+160 352
1757463064535 3.663470616417288e+161 353
1757463064622 1.8721108606698866e+162 354
1757463064689 1.7916921493006286e+161 355
1757463064757 5.1481196859698073e+163 356
1757463064839 1.400717263844794e+163 357
1757463064940 1.9401394007199662e+161 358
1757463065005 4.342262783983924e+164 359
1757463065087 6.766773457869807e+163 360
1757463065177 1.1520253437885589e+165 361
1757463065281 3.9523944416582495e+164 362
1757463065371 1.7729621639402965e+164 363
1757463065445 4.149135347652012e+165 364
1757463065534 6.108201224270429e+167 365
1757463065614 7.398698615700824e+165 366
1757463065705 2.2264483843721171e+167 367
1757463065772 3.6467682846921977e+167 368
1757463065875 8.285677888207171e+164 369
1757463065962 7.043197938256792e+167 370
1757463066042 2.8961803201856263e+166 371
1757463066124 8.959726779889523e+167 372
1757463066200 1.0119171832289333e+169 373
1757463066285 1.177329197953326e+170 374
1757463066370 8.837140075630311e+168 375
1757463066462 3.357461900619862e+170 376
1757463066543 9.818177819834869e+169 377
1757463066599 1.1076649801231174e+171 378
1757463066667 1.266816177289251e+171 379
1757463066747 1.4625429081656574e+171 380
1757463066845 5.864350463947529e+172 381
1757463066934 8.980016504776729e+172 382
1757463067026 7.830737263635661e+173 383
1757463067123 3.973830292404417e+173 384
1757463067188 5.613872576869706e+175 385
1757463067254 1.3013528673436217e+175 386
1757463067346 3.2000571113148625e+175 387
1757463067437 2.1583792068878435e+176 388
1757463067524 1.5994242803202982e+177 389
1757463067591 3.6357098632033863e+177 390
1757463067670 1.449035074487189e+178 391
1757463067752 9.855810253920357e+178 392
1757463067853 8.300148518293909e+185 393
1757463067946 1.4962712086769902e+180 394
1757463068041 2.501416778454734e+181 395
1757463068125 6.149492217956763e+181 396
1757463068192 3.927620927134969e+182 397
1757463068263 4.1713226041931715e+182 398
1757463068342 7.383902052085341e+183 399
1757463068422 1.1474676936463412e+185 400
1757463068495 1.2566972674135369e+185 401
1757463068570 3.8124741002748128e+183 402
1757463068642 2.5632176507856906e+186 403
1757463068715 6.528425479350478e+185 404
1757463068808 6.508850102264597e+186 405
1757463068885 4.361878802493301e+186 406
1757463068969 2.8664964167989642e+187 407
1757463069093 4.49435480145159e+188 408
1757463069179 8.753715534903875e+188 409
1757463069272 8.344167647709909e+186 410
1757463069370 2.973752052033089e+188 411
1757463069455 1.8629406217928874e+190 412
1757463069540 1.1871636742691027e+191 413
1757463069614 9.223570930839707e+191 414
1757463069695 6.9553433962744105e+190 415
1757463069782 1.7141200355600922e+192 416
1757463069843 1.4600416785946615e+192 417
1757463069931 1.5331141656739726e+193 418
1757463070026 6.8970381464291124e+193 419
1757463070112 5.056025456228869e+192 420
1757463070191 7.249953151537342e+193 421
1757463070269 5.6447460999598794e+194 422
1757463070342 2.766072359400777e+195 423
1757463070455 1.73052868899071e+196 424
1757463070543 7.049241522984779e+195 425
1757463070612 3.3226476873401636e+196 426
1757463070694 1.1969414885419187e+197 427
1757463070781 1.0478603200065472e+197 428
1757463070853 2.201791270796284e+198 429
1757463071013 6.560814240384747e+199 430
1757463071094 2.8435339871037394e+196 431
1757463071188 5.261841218318294e+199 432
1757463071269 6.689504198211196e+200 433
1757463071348 3.072127163856299e+201 434
1757463071439 5.032066095715942e+201 435
1757463071552 1.3493427230413456e+202 436
1757463071647 1.0511498265279869e+201 437
1757463071720 3.110158388461804e+201 438
1757463071797 6.622317392929581e+199 439
1757463071879 4.991764599886304e+202 440
1757463071951 3.3676801438077443e+202 441
1757463072045 7.78430366711921e+203 442
1757463072130 6.108411920591732e+205 443
1757463072235 2.874808379363927e+205 444
1757463072334 7.191839669709247e+205 445
1757463072432 2.639835000192187e+205 446
1757463072509 2.32797459939486e+207 447
1757463072601 5.370099292772214e+207 448
1757463072674 3.199747816975945e+206 449
1757463072753 2.1626384423646503e+206 450
1757463072830 3.547896167260759e+207 451
1757463072906 7.897132344409274e+207 452
1757463072993 1.181990912665666e+207 453
1757463073107 1.2641861716433627e+209 454
1757463073209 2.6267585088855447e+210 455
1757463073290 2.414835659196239e+209 456
1757463073349 7.2058092246511105e+208 457
1757463073423 2.902668328749017e+209 458
1757463073484 1.1180281844952028e+211 459
1757463073562 9.192092533123801e+209 460
1757463073643 3.6753160136611474e+211 461
1757463073734 2.5418310566596255e+212 462
1757463073822 3.4628619677267115e+211 463
1757463073899 1.2870248674360106e+211 464
1757463073996 1.4784504241537468e+210 465
1757463074067 8.42276254102315e+213 466
1757463074140 5.811769220641278e+213 467
1757463074218 2.7012805273906553e+213 468
1757463074432 1.6902629523565734e+215 469
1757463074654 5.876692203992211e+214 470
1757463074851 6.21803448058274e+215 471
1757463074975 5.355791232989595e+212 472
1757463075071 1.1593589080220522e+215 473
1757463075156 8.512429052728466e+215 474
1757463075259 4.3540040952654e+217 475
1757463075352 1.658625763587018e+217 476
1757463075452 1.1387434926419363e+220 477
1757463075544 5.179001558250123e+218 478
1757463075630 5.397964893491184e+221 479
1757463075708 3.1947518118656884e+220 480
1757463075805 1.82058755130346e+219 481
1757463075899 9.18733330451075e+217 482
1757463075989 7.306844722027027e+222 483
1757463076084 4.234938500819524e+222 484
1757463076179 5.630401799196981e+221 485
1757463076325 1.6898392362278926e+223 486
1757463076424 9.579022687205081e+220 487
1757463076539 5.078740835263251e+223 488
1757463076619 4.344385367045141e+224 489
1757463076699 2.041448673110088e+223 490
1757463076785 5.494081839942338e+225 491
1757463076850 2.0474720616725845e+225 492
1757463076940 1.4847124384330724e+225 493
1757463077010 8.965286119060004e+225 494
1757463077115 4.053214392091403e+227 495
1757463077182 1.2199786724442754e+227 496
1757463077243 3.556705676932719e+228 497
1757463077335 2.1954549734264125e+228 498
1757463077416 1.0973777581670229e+229 499
