1757462518675 203.6833249615589 0
1757462518687 170.90475937897907 1
1757462518694 172.79562382487097 2
1757462518710 170.76516399522063 3
1757462518740 164.60812438583235 4
1757462518764 171.44417110124888 5
1757462518771 170.8631779162838 6
1757462518785 170.43461279887418 7
1757462518793 169.72401013526073 8
1757462518800 167.49025662016732 9
1757462518810 165.72042790010488 10
1757462518823 181.526543354004 11
1757462518833 167.34097631576893 12
1757462518839 164.6102317234956 13
1757462518852 173.96900780745278 14
1757462518876 165.6949997137645 15
1757462518894 169.8077459570895 16
1757462518906 168.45210262699226 17
1757462518916 167.44806266112533 18
1757462518933 164.74172338639514 19
1757462518954 162.62084126031954 20
1757462518965 170.192103152593 21
1757462518972 164.4024756702778 22
1757462518986 160.57973879532503 23
1757462518995 173.15541589149467 24
1757462519008 167.31886834005178 25
1757462519031 207.79421567477857 26
1757462519044 173.0654415293913 27
1757462519051 169.5904244674582 28
1757462519061 166.37513705649042 29
1757462519076 170.71376479058523 30
1757462519092 165.01959022038264 31
1757462519099 167.1655084677207 32
1757462519106 162.56588651386585 33
1757462519122 171.01377308230343 34
1757462519140 166.88348160275595 35
1757462519148 168.5201426049684 36
1757462519156 168.0847946757309 37
1757462519165 160.57437960784264 38
1757462519177 165.18914194640976 39
1757462519188 163.6780982095084 40
1757462519202 158.43612347473308 41
1757462519219 166.37493819264657 42
1757462519234 166.344570732207 43
1757462519248 166.54616837406832 44
1757462519259 164.08598220258102 45
1757462519270 207.38152873569078 46
1757462519282 156.83940597908878 47
1757462519289 165.31611340270047 48
1757462519299 160.9178417597775 49
1757462519307 162.45000385171633 50
1757462519316 160.3517505828055 51
1757462519330 164.95169814550547 52
1757462519337 161.31990077665137 53
1757462519346 163.1089950695441 54
1757462519355 159.08004135848935 55
1757462519364 162.7261840894759 56
1757462519374 168.53857167736527 57
1757462519387 160.13818117001978 58
1757462519399 162.98849072011626 59
1757462519407 164.00476230311355 60
1757462519421 156.89185694751512 61
1757462519438 199.90231992239933 62
1757462519445 165.22858102668556 63
1757462519457 162.65829114372468 64
1757462519475 158.2424804721168 65
1757462519498 163.2656943174544 66
1757462519507 163.80814072780004 67
1757462519522 164.63623897133675 68
1757462519535 157.99845629707931 69
1757462519552 162.11734519546644 70
1757462519559 167.00504727485065 71
1757462519571 158.13358677494475 72
1757462519587 156.5817015125702 73
1757462519603 162.21093101183635 74
1757462519614 163.16132537632768 75
1757462519625 157.80077972502625 76
1757462519638 158.5929792888885 77
1757462519659 159.05442237882156 78
1757462519674 155.9917826129345 79
1757462519684 151.70659666411132 80
1757462519706 158.7063974077094 81
1757462519714 164.09573641605394 82
1757462519721 164.2057696619807 83
1757462519730 164.20156714359177 84
1757462519744 155.1707825547009 85
1757462519763 156.82155497157606 86
1757462519774 160.29503775951775 87
1757462519792 158.5709538027513 88
1757462519799 159.54743253881603 89
1757462519810 162.01781936679834 90
1757462519824 156.82998911109064 91
1757462519832 158.1259875677113 92
1757462519843 162.67568810459676 93
1757462519861 150.3273100038657 94
1757462519878 156.04834159241344 95
1757462519887 162.82250571232348 96
1757462519898 157.34864484293814 97
1757462519911 157.14560485423164 98
1757462519927 157.52292383135358 99
1757462519946 156.80380696834126 100
1757462519957 154.0803583593248 101
1757462519971 159.3741057065989 102
1757462519983 160.32477424355588 103
1757462520010 157.5444297877293 104
1757462520027 156.52583793854694 105
1757462520040 158.2132916378444 106
1757462520133 200.11489743305623 107
1757462520151 158.88833129458567 108
1757462520162 164.01429912957684 109
1757462520173 155.33765809800315 110
1757462520199 159.19935449581422 111
1757462520208 155.45587362494885 112
1757462520225 158.89108009450422 113
1757462520241 158.42634572173895 114
1757462520260 154.66827886467206 115
1757462520270 155.26398426273585 116
1757462520284 158.26480120239506 117
1757462520292 161.41570085618554 118
1757462520308 157.43916112609492 119
1757462520318 158.2418949698934 120
1757462520331 155.8361344991169 121
1757462520339 152.60079269138564 122
1757462520360 151.84310844379962 123
1757462520387 155.97438676925367 124
1757462520416 157.1334859915258 125
1757462520434 161.85328681638742 126
1757462520457 154.22864725562636 127
1757462520469 152.4781781652784 128
1757462520480 152.95387331167476 129
1757462520497 153.2678508802876 130
1757462520511 149.6703361737826 131
1757462520522 148.79258096359786 132
1757462520536 150.24115184187937 133
1757462520552 150.84197301497989 134
1757462520564 153.9418716516834 135
1757462520575 157.1111244888437 136
1757462520592 153.66390667864357 137
1757462520612 150.47086512849563 138
1757462520634 159.23839493880217 139
1757462520655 150.8229503331715 140
1757462520664 155.30768429443432 141
1757462520674 154.4648260019389 142
1757462520685 153.54091037876276 143
1757462520694 154.50285372636958 144
1757462520710 154.87181196019583 145
1757462520723 147.1153623222575 146
1757462520738 150.81535647235444 147
1757462520748 156.47548487357494 148
1757462520757 150.89240672488626 149
1757462520769 150.09023717333542 150
1757462520781 149.03946094733956 151
1757462520795 154.36027324997158 152
1757462520807 144.806860147733 153
1757462520822 150.55973585145216 154
1757462520845 151.05533786251243 155
1757462520858 173.16216857596055 156
1757462520877 151.38478493846284 157
1757462520889 157.0522127047577 158
1757462520901 153.95464077543087 159
1757462520920 152.4418783677895 160
1757462520938 153.31561930097808 161
1757462520953 149.79420229261808 162
1757462520969 152.1339183042934 163
1757462520979 150.0114893059427 164
1757462520995 149.69644562284645 165
1757462521018 149.36902320737295 166
1757462521039 153.09919648004637 167
1757462521049 152.38043769573466 168
1757462521059 148.4197547849981 169
1757462521069 153.60597219837467 170
1757462521079 148.05688556180354 171
1757462521088 146.55206075632685 172
1757462521099 146.34818227600897 173
1757462521111 146.09184149780594 174
1757462521127 151.5443392641917 175
1757462521151 143.19861085757924 176
1757462521163 151.47485418709715 177
1757462521180 143.00077161645834 178
1757462521189 147.4425253733874 179
1757462521219 148.19776124140387 180
1757462521232 147.69213801519334 181
1757462521246 147.73444742156096 182
1757462521272 147.37207018559045 183
1757462521290 143.48825459829004 184
1757462521299 146.5141962978671 185
1757462521309 140.93149386387356 186
1757462521325 146.90518126351918 187
1757462521342 146.55676252465457 188
1757462521362 147.8549693282538 189
1757462521381 176.43542706746888 190
1757462521390 148.53213891082964 191
1757462521400 146.09119741877203 192
1757462521410 144.84900803105705 193
1757462521420 150.02680651159505 194
1757462521430 146.67921075624753 195
1757462521443 147.74773943469825 196
1757462521453 158.84444231969252 197
1757462521464 151.158822886347 198
1757462521474 145.77062163256275 199
1757462521484 147.7870150807713 200
1757462521495 146.975277663185 201
1757462521508 152.52116283633677 202
1757462521527 148.23536415185214 203
1757462521543 147.56141105872757 204
1757462521557 145.8375027102902 205
1757462521572 144.1854062419423 206
1757462521593 144.80606332121658 207
1757462521608 148.01242234996872 208
1757462521625 144.40165565290647 209
1757462521636 151.5255227518098 210
1757462521652 145.09430537424078 211
1757462521665 145.366637321332 212
1757462521694 146.56396523389097 213
1757462521709 142.4384387222491 214
1757462521723 154.99048348886723 215
1757462521740 144.5214767799895 216
1757462521758 152.38491193622622 217
1757462521770 145.46514445386578 218
1757462521786 150.123899633988 219
1757462521798 145.53386289038133 220
1757462521813 142.4729833586 221
1757462521837 146.60480589205156 222
1757462521850 138.5425505793611 223
1757462521867 144.8451575452045 224
1757462521877 148.90937508357973 225
1757462521894 150.23532219130547 226
1757462521913 148.05012560990707 227
1757462521928 149.00247208342995 228
1757462521948 142.15147067910752 229
1757462521968 142.05439465926736 230
1757462521982 142.48248861113882 231
1757462521999 144.5917967082662 232
1757462522016 144.55287736512452 233
1757462522028 148.58164165543565 234
1757462522050 142.99770484679874 235
1757462522060 142.75309662840095 236
1757462522071 141.9523784766854 237
1757462522097 145.4515383496912 238
1757462522124 143.42646112466758 239
1757462522135 138.98596042941512 240
1757462522157 138.33357114011437 241
1757462522179 142.10683510233653 242
1757462522192 143.34040168246153 243
1757462522212 146.77173735634977 244
1757462522222 136.5245443735103 245
1757462522237 144.67504684219927 246
1757462522268 144.64798658578889 247
1757462522313 141.88036121864775 248
1757462522331 149.56164185354163 249
1757462522342 146.81765967858297 250
1757462522362 144.33411485711588 251
1757462522384 146.71902882448381 252
1757462522400 142.22358273070404 253
1757462522410 143.81155422270876 254
1757462522431 145.29558862623665 255
1757462522457 142.6213576238006 256
1757462522474 136.5584699174759 257
1757462522495 146.1197188270555 258
1757462522517 140.17881488887764 259
1757462522531 145.5927514760663 260
1757462522547 144.10279429597705 261
1757462522569 143.0338125020358 262
1757462522591 146.47994052723388 263
1757462522614 144.49730582893136 264
1757462522628 146.91489042482334 265
1757462522647 144.88082158527556 266
1757462522660 140.32511357170358 267
1757462522671 145.51831054285157 268
1757462522683 140.23497165492284 269
1757462522708 142.76976955220854 270
1757462522733 172.69735060305973 271
1757462522752 143.94100897382896 272
1757462522767 142.82550529447025 273
1757462522786 138.4709033330014 274
1757462522810 142.09681405910197 275
1757462522828 144.030531226567 276
1757462522853 143.4600959249607 277
1757462522874 144.05534839576904 278
1757462522893 141.51723712920352 279
1757462522914 145.3936183285958 280
1757462522925 184.7839512141849 281
1757462522944 139.0889428544632 282
1757462522956 140.6937234199569 283
1757462522970 144.2189769486512 284
1757462522997 146.02117438201282 285
1757462523025 143.3297288111455 286
1757462523057 139.84634928809055 287
1757462523084 140.19376226152937 288
1757462523097 143.88358650535574 289
1757462523110 149.51798646359572 290
1757462523131 143.95662287382868 291
1757462523149 139.45521014556815 292
1757462523176 146.84082447805383 293
1757462523195 136.812161812573 294
1757462523208 136.21745204622758 295
1757462523224 137.76578413353036 296
1757462523246 137.15788125898513 297
1757462523268 146.7088251970903 298
1757462523282 138.0049127107243 299
1757462523299 137.669436696994 300
1757462523314 139.08949279217893 301
1757462523328 145.979955430109 302
1757462523347 143.66212761172818 303
1757462523361 144.3843054326996 304
1757462523378 140.44815738900922 305
1757462523404 142.55957941371088 306
1757462523421 143.14135927142507 307
1757462523442 140.97933107843883 308
1757462523480 139.85948400214158 309
1757462523514 139.71187321120556 310
1757462523533 141.7107625599445 311
1757462523555 138.47601941702118 312
1757462523602 136.88123444351345 313
1757462523626 146.36069153204897 314
1757462523642 141.75269117302432 315
1757462523669 132.38917941280232 316
1757462523690 141.90085600579147 317
1757462523720 136.84233727083586 318
1757462523737 142.270195836111 319
1757462523765 140.3751361096071 320
1757462523778 142.50283718631323 321
1757462523795 137.50881855479795 322
1757462523807 142.81082911214222 323
1757462523820 137.9575470857145 324
1757462523839 137.11768302657094 325
1757462523857 137.19587597808845 326
1757462523879 138.03195781940988 327
1757462523911 144.26147664736428 328
1757462523925 137.96647570434146 329
1757462523959 139.74714349599708 330
1757462523982 141.2658206849152 331
1757462524013 141.03522474446507 332
1757462524032 142.3157196417732 333
1757462524043 137.32265671041046 334
1757462524060 136.77026051813675 335
1757462524080 138.07450421207488 336
1757462524098 142.12546685079678 337
1757462524113 135.70871986864347 338
1757462524135 145.1195830393887 339
1757462524162 144.04975057317307 340
1757462524174 132.0362642940932 341
1757462524201 135.66355765007293 342
1757462524228 133.39806341002105 343
1757462524252 140.32328963849443 344
1757462524272 137.66402262060268 345
1757462524290 141.90669151723358 346
1757462524303 140.24565526229503 347
1757462524332 140.0023667345376 348
1757462524348 131.54542397478306 349
1757462524369 138.74888586702684 350
1757462524389 135.1843223385622 351
1757462524406 137.31387634301782 352
1757462524418 135.0505689927573 353
1757462524434 139.81582356127967 354
1757462524447 139.8970060670814 355
1757462524468 137.23454519575478 356
1757462524490 131.90268528611676 357
1757462524504 135.5049841748501 358
1757462524531 131.66199734858276 359
1757462524554 136.81477801961393 360
1757462524585 134.16867255145235 361
1757462524602 137.30741796428276 362
1757462524624 137.53366663580863 363
1757462524647 136.46655622340717 364
1757462524662 137.3043693854484 365
1757462524685 136.8140400742449 366
1757462524711 135.0397320372344 367
1757462524727 139.4391249243956 368
1757462524751 160.66392423212216 369
1757462524766 141.62765385470095 370
1757462524788 137.97082105253145 371
1757462524822 135.69155560052445 372
1757462524837 138.4480073390238 373
1757462524856 134.99675137725 374
1757462524887 136.69346502781914 375
1757462524915 133.83263883835338 376
1757462524938 135.93559579290752 377
1757462524976 138.16527609674228 378
1757462524994 143.70045037839668 379
1757462525020 136.99165203055367 380
1757462525034 134.8674483799358 381
1757462525048 141.03486313455466 382
1757462525063 132.15451740496178 383
1757462525079 136.39708062876946 384
1757462525094 130.25215396321641 385
1757462525109 134.19500483737949 386
1757462525128 135.89166855811766 387
1757462525150 132.7166614741518 388
1757462525165 135.03805883743274 389
1757462525188 132.38442615535357 390
1757462525210 135.36590216302832 391
1757462525227 137.45677318394814 392
1757462525256 143.7587997857361 393
1757462525279 160.47747595863478 394
1757462525295 131.87373934817805 395
1757462525315 134.63193665244816 396
1757462525333 134.5884867074029 397
1757462525348 131.33212888608728 398
1757462525363 130.8025231552291 399
1757462525378 129.860943018128 400
1757462525396 135.411331663256 401
1757462525416 131.7143159488895 402
1757462525430 135.6561123472173 403
1757462525444 135.23884155709175 404
1757462525459 133.79581490261535 405
1757462525474 131.48995225858707 406
1757462525494 132.90761461653835 407
1757462525514 127.89477935759169 408
1757462525528 132.9778435932875 409
1757462525547 137.9576179502493 410
1757462525570 131.51683680174187 411
1757462525590 130.34041033614017 412
1757462525611 132.4244238667816 413
1757462525630 132.2160560323431 414
1757462525660 136.58618512277758 415
1757462525679 129.20369608625805 416
1757462525704 133.70178654469186 417
1757462525725 129.5351179990501 418
1757462525752 135.43345436471742 419
1757462525768 132.41697309820074 420
1757462525787 133.32786853604 421
1757462525807 136.57830679548368 422
1757462525834 132.73869293462363 423
1757462525852 136.1922546001614 424
1757462525875 131.03943510605666 425
1757462525890 131.3388881153303 426
1757462525911 131.5083211124271 427
1757462525930 130.38483674839085 428
1757462525958 132.80987372909692 429
1757462525973 132.51965086628934 430
1757462525997 136.65473886132094 431
1757462526011 130.38463988721094 432
1757462526033 144.4572504665931 433
1757462526052 130.04044415076217 434
1757462526069 129.72073332714484 435
1757462526091 128.73741572724157 436
1757462526124 132.10884940907982 437
1757462526138 127.38198660168356 438
1757462526160 132.57568752303132 439
1757462526192 133.1964007493578 440
1757462526209 133.84865706843598 441
1757462526233 132.78615360558405 442
1757462526251 130.8803864821054 443
1757462526265 133.4025259000346 444
1757462526288 137.03303674088133 445
1757462526303 130.18910728872947 446
1757462526324 132.64403503573897 447
1757462526350 137.34331090119085 448
1757462526374 132.25578913142044 449
1757462526395 131.81578466848697 450
1757462526410 131.4762211779264 451
1757462526431 131.78407587054895 452
1757462526451 130.0496069901753 453
1757462526476 137.55477195100525 454
1757462526498 136.14036527161807 455
1757462526532 131.86584748951003 456
1757462526546 142.5991475775495 457
1757462526562 126.12844311982244 458
1757462526579 126.66946260648005 459
1757462526597 133.29877475995926 460
1757462526612 143.08917862948977 461
1757462526635 132.25259895944808 462
1757462526656 137.0251889248098 463
1757462526683 131.3102788221999 464
1757462526698 131.98302369982477 465
1757462526723 132.54315321388924 466
1757462526737 134.2430677318314 467
1757462526765 131.05275672703237 468
1757462526785 128.15823065816488 469
1757462526815 132.96865523742093 470
1757462526831 133.36266316829364 471
1757462526866 129.67406232593353 472
1757462526886 129.50895898797302 473
1757462526916 129.95520583149525 474
1757462526937 128.01684666025332 475
1757462526966 127.03042247727684 476
1757462527010 130.5479770820371 477
1757462527037 128.94321728842073 478
1757462527058 127.08776641003648 479
1757462527075 130.65743421735058 480
1757462527096 125.92979628630337 481
1757462527116 127.87522152554764 482
1757462527136 131.44038668425742 483
1757462527152 128.8245007083928 484
1757462527175 128.63961704217184 485
1757462527195 128.96448850981136 486
1757462527219 134.1936940224208 487
1757462527238 129.49578245236097 488
1757462527262 127.59954875078421 489
1757462527282 131.82327741845222 490
1757462527307 134.03838635872285 491
1757462527323 126.79676827032362 492
1757462527349 126.32260140080943 493
1757462527382 133.68712484418052 494
1757462527420 129.03746056351358 495
1757462527448 132.49157735968427 496
1757462527470 128.42366598486763 497
1757462527490 126.13695335618435 498
1757462527512 128.7031280779949 499
