1757462780837 159.25409421995047 0
1757462780877 171.22276784324245 1
1757462780914 177.1456836214244 2
1757462780954 169.49302383116617 3
1757462781004 199.13812260036852 4
1757462781057 162.69560062381086 5
1757462781094 180.99750028558702 6
1757462781144 167.89267790379674 7
1757462781194 168.82392722707593 8
1757462781251 196.21557827579778 9
1757462781328 181.65750235362788 10
1757462781385 130.10397647845173 11
1757462781439 170.18327824239964 12
1757462781479 155.78206505023323 13
1757462781549 168.5447701438374 14
1757462781633 167.43990843410737 15
1757462781686 149.25431219922856 16
1757462781743 189.58172410480987 17
1757462781795 175.94363952300924 18
1757462781853 135.27720889847535 19
1757462781946 161.97799296287687 20
1757462782057 197.76673108388502 21
1757462782115 123.64142237814451 22
1757462782167 174.9570631756381 23
1757462782222 183.47530950750044 24
1757462782272 159.21336349082287 25
1757462782332 188.672469868624 26
1757462782382 180.1953999728777 27
1757462782461 175.88961622308986 28
1757462782533 163.1304199311224 29
1757462782597 225.96100764981 30
1757462782656 163.32058286306886 31
1757462782703 174.33623129725774 32
1757462782756 187.55440675304823 33
1757462782804 158.34315005482622 34
1757462782853 159.80251428697628 35
1757462782904 177.6751807246908 36
1757462782959 187.51412122270082 37
1757462783015 185.49272880486282 38
1757462783088 148.97199347704864 39
1757462783149 121.0971816617391 40
1757462783212 150.7198415065162 41
1757462783262 153.82385436398013 42
1757462783319 156.2260858031525 43
1757462783380 176.6977218377687 44
1757462783437 164.41806082826145 45
1757462783482 160.98928104396882 46
1757462783528 171.38568394631935 47
1757462783576 160.2504166020156 48
1757462783618 118.52129488681344 49
1757462783675 191.57844451810715 50
1757462783730 192.27298320474384 51
1757462783809 133.92954709397847 52
1757462783891 185.92816295629015 53
1757462783969 168.80008519631232 54
1757462784045 175.80439260827544 55
1757462784128 170.91070179109076 56
1757462784177 170.99319709181535 57
1757462784247 173.66921247536078 58
1757462784303 203.98591370706015 59
1757462784349 154.53329669500215 60
1757462784420 150.73644459361364 61
1757462784485 156.68229863661767 62
1757462784612 147.91907373420045 63
1757462784669 185.2324846569822 64
1757462784730 172.4049298661379 65
1757462784799 182.7121983030234 66
1757462784865 195.9932552401679 67
1757462784917 185.49293351537034 68
1757462784970 194.70825741439637 69
1757462785024 149.14583759623648 70
1757462785082 122.60300665470069 71
1757462785134 153.47730734755268 72
1757462785184 147.8887647934878 73
1757462785262 168.61027333550228 74
1757462785320 189.01675773857227 75
1757462785375 184.3848461685256 76
1757462785419 188.8322936190712 77
1757462785462 169.6659132258653 78
1757462785506 127.39956531678861 79
1757462785563 172.25671360823424 80
1757462785615 167.13615636999282 81
1757462785673 169.25112545326658 82
1757462785727 175.09633372396868 83
1757462785783 157.4942564795362 84
1757462785834 168.33941823498895 85
1757462785890 154.9994451836746 86
1757462785937 164.55505861469666 87
1757462785994 178.31255350495124 88
1757462786064 154.27325871612834 89
1757462786111 177.68697065871896 90
1757462786166 191.06397058832468 91
1757462786231 165.22542707649447 92
1757462786291 158.71043867272303 93
1757462786348 200.2957552710621 94
1757462786407 154.29192636824456 95
1757462786457 176.88268471751653 96
1757462786510 119.48241840584475 97
1757462786559 151.09400361691397 98
1757462786597 169.06681172495286 99
1757462786640 185.0727602291276 100
1757462786691 154.6964553917048 101
1757462786730 180.78780140824583 102
1757462786795 146.92674584319934 103
1757462786854 176.94307356103974 104
1757462786907 154.87617512677292 105
1757462786970 172.69128096569634 106
1757462787023 159.67995255381445 107
1757462787067 190.72846003807817 108
1757462787117 166.78498248277143 109
1757462787180 174.54783989214957 110
1757462787225 159.75398755958116 111
1757462787278 170.53275530669848 112
1757462787320 157.33403561355058 113
1757462787384 127.62787526485904 114
1757462787436 177.29761419803737 115
1757462787486 164.77635427230788 116
1757462787538 184.64888878736636 117
1757462787583 168.73855571846696 118
1757462787647 148.35076141281746 119
1757462787695 156.8473358130843 120
1757462787749 174.1028914686253 121
1757462787808 152.2109236023563 122
1757462787856 172.31248715611235 123
1757462787910 189.58772623838675 124
1757462787981 153.67803971183363 125
1757462788044 158.47730297681903 126
1757462788084 169.64648229061135 127
1757462788142 173.69652682215352 128
1757462788190 163.55222033909078 129
1757462788228 170.56669979620852 130
1757462788315 133.3023676306537 131
1757462788399 178.3053690937096 132
1757462788493 178.60751410789405 133
1757462788560 174.72623913205942 134
1757462788610 146.14161283512513 135
1757462788659 160.89344913273638 136
1757462788719 166.61261633628098 137
1757462788767 162.75581402380246 138
1757462788817 188.21170508400937 139
1757462788871 166.6376348500988 140
1757462788931 172.68006514867443 141
1757462788972 158.98692706097864 142
1757462789029 162.17779092740733 143
1757462789093 175.83744847462663 144
1757462789143 179.7427395348362 145
1757462789205 167.49217577178138 146
1757462789265 195.4998808876061 147
1757462789329 188.1599512493984 148
1757462789391 162.18684913847324 149
1757462789439 159.2413655221296 150
1757462789494 138.19180019156903 151
1757462789544 151.9103620628201 152
1757462789602 150.08208796301014 153
1757462789654 160.58603944133526 154
1757462789714 178.1136183086382 155
1757462789765 164.33731307406077 156
1757462789823 156.65362399717736 157
1757462789879 163.2878932912267 158
1757462789933 157.91430354638354 159
1757462789999 155.34544968183772 160
1757462790054 157.14705489741812 161
1757462790104 148.23440048277104 162
1757462790162 176.99116365070216 163
1757462790208 157.04377706645244 164
1757462790260 166.26475591309568 165
1757462790350 171.17706424665917 166
1757462790395 155.73382331968108 167
1757462790449 158.81135250949555 168
1757462790493 165.84726339412754 169
1757462790553 173.81668659452632 170
1757462790598 158.42358172720594 171
1757462790651 176.30372035667378 172
1757462790713 195.2321918305697 173
1757462790756 177.12156069026025 174
1757462790811 174.0906534798166 175
1757462790878 215.72457042102107 176
1757462790937 167.9247571693831 177
1757462790989 163.61136726797423 178
1757462791049 164.17265032630567 179
1757462791104 194.34934661434522 180
1757462791183 182.35442249790398 181
1757462791250 174.31768602318257 182
1757462791291 165.8922869180982 183
1757462791342 158.5369365119 184
1757462791403 175.67093860281173 185
1757462791459 151.5493035197488 186
1757462791523 159.17985957856774 187
1757462791582 166.4852382069407 188
1757462791640 157.47752302030472 189
1757462791698 160.7241765808803 190
1757462791753 165.39003369057747 191
1757462791810 160.41815930668062 192
1757462791885 182.35671513146735 193
1757462791949 175.0132858759622 194
1757462792020 139.01286853290762 195
1757462792075 172.12779672888414 196
1757462792124 193.83214753271957 197
1757462792181 124.59115525330908 198
1757462792251 152.85570806693144 199
1757462792310 161.65588698733524 200
1757462792381 151.09324172057362 201
1757462792435 164.04163407723098 202
1757462792494 168.02310617004628 203
1757462792560 130.8897501479724 204
1757462792614 162.7413591373893 205
1757462792688 175.99121125847557 206
1757462792752 189.81153373208335 207
1757462792805 160.64575127898382 208
1757462792863 171.45320284579194 209
1757462792914 174.88417773757757 210
1757462792968 124.92200535671317 211
1757462793035 206.55973779580242 212
1757462793106 131.14433218237943 213
1757462793173 199.2078328835231 214
1757462793223 177.56303010502393 215
1757462793282 169.06664549907688 216
1757462793332 174.99152948421127 217
1757462793393 164.89309607705806 218
1757462793450 154.29983578522987 219
1757462793509 141.80381946390844 220
1757462793570 145.73273644098455 221
1757462793614 160.26745342479887 222
1757462793708 166.97505810197197 223
1757462793772 157.59891435508726 224
1757462793842 168.6358407808716 225
1757462793900 130.58944024292487 226
1757462793961 183.97271245676555 227
1757462794033 144.06562974317885 228
1757462794084 174.09842849807262 229
1757462794144 171.34296149685883 230
1757462794199 151.2965574532578 231
1757462794261 160.29217779323542 232
1757462794313 152.08732030369853 233
1757462794371 162.66352539082843 234
1757462794423 172.4912801226491 235
1757462794478 181.30213750235018 236
1757462794531 179.9143131001114 237
1757462794590 134.94660913090283 238
1757462794652 171.78441873909352 239
1757462794704 126.36739294553574 240
1757462794758 166.6593770073534 241
1757462794832 189.5702790402713 242
1757462794881 186.832480252922 243
1757462794923 171.55564820271044 244
1757462794962 208.27008264816308 245
1757462795003 153.57002946788646 246
1757462795057 149.91319500721306 247
1757462795106 178.30018217088892 248
1757462795159 157.14986226232926 249
1757462795229 171.92446786887308 250
1757462795284 152.44267891618324 251
1757462795332 100.37587284875156 252
1757462795386 178.76170718804167 253
1757462795444 196.4843930302303 254
1757462795512 189.06805205985177 255
1757462795559 100.1806519755952 256
1757462795602 146.4641324071662 257
1757462795656 139.68053991942122 258
1757462795720 150.33472300318658 259
1757462795784 175.29777393575645 260
1757462795838 183.90152597773772 261
1757462795897 183.08201085029992 262
1757462795949 157.242871819752 263
1757462796003 183.04085077473727 264
1757462796065 160.53415257145895 265
1757462796121 178.9462236266932 266
1757462796181 186.29906877655657 267
1757462796239 161.9173228441546 268
1757462796293 167.40651902325348 269
1757462796357 181.37042590904676 270
1757462796403 183.7698647058794 271
1757462796445 190.51471026678385 272
1757462796492 218.7065592066676 273
1757462796554 195.22282839544994 274
1757462796613 138.43024364084846 275
1757462796673 171.2199218590773 276
1757462796736 186.92277642493272 277
1757462796784 167.62414977554684 278
1757462796834 168.44481600074963 279
1757462796888 166.530015160012 280
1757462796949 168.94570593259843 281
1757462797011 118.09002287710572 282
1757462797062 148.0740172782827 283
1757462797120 154.63090693095032 284
1757462797165 203.44264563185232 285
1757462797215 155.1505793586703 286
1757462797274 169.59673959972685 287
1757462797329 160.42333782792397 288
1757462797384 173.80550121735675 289
1757462797434 160.39928419575358 290
1757462797490 163.0063509260953 291
1757462797534 154.67411835056086 292
1757462797592 169.13342366523085 293
1757462797656 172.57396182165814 294
1757462797704 152.47724496218245 295
1757462797756 155.79794909839342 296
1757462797812 153.65091064661306 297
1757462797871 110.83338842440511 298
1757462797933 168.17646112516363 299
1757462797991 126.91032836311291 300
1757462798043 162.60563846935798 301
1757462798084 176.18943332578027 302
1757462798134 169.58082553973165 303
1757462798190 162.88851356376506 304
1757462798250 177.9202478503338 305
1757462798309 145.21281567270293 306
1757462798372 188.68881904056988 307
1757462798424 155.7755129012143 308
1757462798484 170.72336588135468 309
1757462798536 152.08486069322893 310
1757462798593 157.0572334157292 311
1757462798699 171.8432122215174 312
1757462798767 129.25265902734006 313
1757462798822 165.09459193196764 314
1757462798881 167.7528768518424 315
1757462798930 125.02408097011124 316
1757462798985 162.34753618439814 317
1757462799035 146.1919831775772 318
1757462799097 120.78498086681783 319
1757462799160 170.15696828443498 320
1757462799249 173.37451935475846 321
1757462799307 173.3885860205315 322
1757462799370 202.79529200015412 323
1757462799434 136.27225570870925 324
1757462799509 168.99479260753967 325
1757462799575 156.55504747233618 326
1757462799625 162.7035706840389 327
1757462799695 115.67313240856551 328
1757462799749 132.47768904070352 329
1757462799806 165.76695364174486 330
1757462799869 193.07731847699807 331
1757462799917 182.51246632185925 332
1757462799958 157.96482652556537 333
1757462800001 164.0495138764579 334
1757462800051 177.20004148385559 335
1757462800101 174.09295006712046 336
1757462800162 176.4034741314869 337
1757462800226 158.47835811341477 338
1757462800278 164.00897597126027 339
1757462800341 144.9731865052388 340
1757462800396 142.92400317059634 341
1757462800442 152.66132836770714 342
1757462800491 170.90242810275484 343
1757462800535 152.22359658815853 344
1757462800609 147.53968479189263 345
1757462800669 152.960099592166 346
1757462800713 153.26655725273167 347
1757462800761 174.1531829965283 348
1757462800833 131.73261277302464 349
1757462800901 177.70847787388115 350
1757462800957 166.310363386802 351
1757462801044 157.5414431917004 352
1757462801100 170.5806416440587 353
1757462801163 143.24126994563906 354
1757462801218 138.94296754114194 355
1757462801283 182.8463002376052 356
1757462801336 170.55604468576692 357
1757462801398 172.7143516067995 358
1757462801459 171.44032009783731 359
1757462801523 128.8483332526202 360
1757462801591 151.12415241914516 361
1757462801651 149.15646667064274 362
1757462801704 124.00281597966675 363
1757462801768 164.75618092197024 364
1757462801829 174.73561951740686 365
1757462801886 225.51157266411246 366
1757462801938 165.65069822464324 367
1757462802008 147.31637940209674 368
1757462802071 177.7570410710346 369
1757462802130 158.28464283558012 370
1757462802195 160.26019050385332 371
1757462802252 165.98899324619344 372
1757462802327 169.90059862876038 373
1757462802389 156.57120163838587 374
1757462802457 162.8420601941118 375
1757462802531 173.1298572764485 376
1757462802587 170.3685874770048 377
1757462802650 160.58523225093694 378
1757462802701 154.51860437645178 379
1757462802757 168.63780562634975 380
1757462802837 160.8377066139317 381
1757462802895 169.42231922185942 382
1757462802966 172.39166703381775 383
1757462803040 174.93625204396662 384
1757462803132 154.26581872940707 385
1757462803203 183.09636833282244 386
1757462803258 178.25846525330317 387
1757462803333 168.1658496042601 388
1757462803412 176.81396703852346 389
1757462803481 220.64339098855712 390
1757462803537 174.32709467707062 391
1757462803600 150.12273617332835 392
1757462803661 168.1035765825666 393
1757462803734 162.31126271347017 394
1757462803796 156.14831586063568 395
1757462803866 134.63301746182995 396
1757462803940 144.70972846824847 397
1757462803997 179.55013290901783 398
1757462804074 163.39018366400578 399
1757462804134 150.45906291261673 400
1757462804201 168.74276652386263 401
1757462804278 154.36208970973126 402
1757462804334 138.10831746880913 403
1757462804393 168.59310186533716 404
1757462804452 168.98616009369258 405
1757462804512 171.96660737873526 406
1757462804585 187.3298033325714 407
1757462804642 151.3798685185542 408
1757462804701 184.1013605990806 409
1757462804759 152.2156377922985 410
1757462804823 164.4860422258259 411
1757462804879 111.2230732157841 412
1757462804934 170.56313881056246 413
1757462804999 159.60004175981265 414
1757462805059 182.65409190067766 415
1757462805119 197.66157584479419 416
1757462805185 178.72131381535715 417
1757462805273 155.1267635993674 418
1757462805339 162.03614344884636 419
1757462805401 185.37566011868321 420
1757462805444 156.39946426174302 421
1757462805489 175.55921092356678 422
1757462805536 138.1057502514423 423
1757462805589 186.24468641951853 424
1757462805637 167.38083297962586 425
1757462805686 222.7348889392164 426
1757462805732 167.42560924726982 427
1757462805775 165.91047659234636 428
1757462805831 141.72107939216815 429
1757462805896 159.3162515508582 430
1757462805957 163.59692641818327 431
1757462806026 157.95112235019477 432
1757462806091 138.42510733102807 433
1757462806144 180.6452127195533 434
1757462806197 157.8089280909619 435
1757462806254 179.93750607524146 436
1757462806317 192.5988598426452 437
1757462806398 149.96090807330327 438
1757462806507 160.30566810322975 439
1757462806596 176.95674858513667 440
1757462806673 199.62212699063085 441
1757462806756 154.70777784709512 442
1757462806857 188.73650748255065 443
1757462806954 170.7464600673469 444
1757462807035 150.20070586205802 445
1757462807101 173.01548018972352 446
1757462807176 169.8893712638872 447
1757462807233 163.52284677858614 448
1757462807306 170.42860285297368 449
1757462807368 147.9522295071353 450
1757462807432 152.18052607487886 451
1757462807490 158.94508431778016 452
1757462807575 164.90940607847895 453
1757462807655 145.1283357546281 454
1757462807739 166.37324661321148 455
1757462807822 148.0656138799358 456
1757462807883 124.57434745899535 457
1757462807944 142.54800788862246 458
1757462808003 161.60893994738439 459
1757462808069 159.21803246157754 460
1757462808126 158.01149990285325 461
1757462808188 148.30039038804392 462
1757462808250 169.11132572470618 463
1757462808334 164.02596052932472 464
1757462808386 169.61280165135022 465
1757462808458 159.64439110578863 466
1757462808525 167.77605424584033 467
1757462808588 159.2188156685692 468
1757462808650 178.93141387571526 469
1757462808744 163.33733192370292 470
1757462808822 171.825048934973 471
1757462808881 151.9950632460993 472
1757462808939 162.18558465981235 473
1757462809010 204.13743308950916 474
1757462809120 126.1894951264173 475
1757462809176 179.32888681689212 476
1757462809229 130.9592868264075 477
1757462809284 209.54373322073292 478
1757462809347 155.22030293362897 479
1757462809399 160.23663260778494 480
1757462809460 155.85400077340228 481
1757462809522 171.15640302139155 482
1757462809591 137.19921599091916 483
1757462809654 181.97112959897595 484
1757462809735 154.73838136730308 485
1757462809800 201.47724032640585 486
1757462809878 169.82783074000906 487
1757462809951 177.91571868189152 488
1757462810017 171.71114451787943 489
1757462810132 155.0300881873532 490
1757462810194 161.2038857092678 491
1757462810279 162.2902758603675 492
1757462810340 157.37603863782752 493
1757462810404 168.72336803228322 494
1757462810469 145.0030306524303 495
1757462810525 162.39606286398106 496
1757462810602 172.55192178369046 497
1757462810655 170.07634879654154 498
1757462810716 170.55322209223178 499
