1757462662605 174.2045958100551 0
1757462662652 169.04212194960422 1
1757462662705 172.4482528295094 2
1757462662765 167.1879550836075 3
1757462662811 190.38567019420304 4
1757462662877 181.23574601322562 5
1757462662927 193.49956974602466 6
1757462662976 152.40248048444278 7
1757462663034 176.25102107254781 8
1757462663076 166.90353292661484 9
1757462663125 152.62460160584308 10
1757462663175 170.03633525141043 11
1757462663235 183.06857821836758 12
1757462663288 164.31163635378252 13
1757462663335 117.8286124978649 14
1757462663381 165.83905344313058 15
1757462663428 154.26451160715925 16
1757462663485 160.119013764988 17
1757462663540 169.73340624836584 18
1757462663599 123.67587455094838 19
1757462663663 187.46545801451276 20
1757462663705 123.42344296325815 21
1757462663792 184.73813909020052 22
1757462663843 205.772869552427 23
1757462663899 176.60486413201144 24
1757462663954 164.19391589783865 25
1757462664001 165.90238586954652 26
1757462664047 125.27960033959178 27
1757462664142 152.42508395860577 28
1757462664213 170.79252422575627 29
1757462664268 187.70701407839294 30
1757462664321 157.9094784469598 31
1757462664368 158.79371811547756 32
1757462664446 165.99158205138357 33
1757462664497 160.47473656012164 34
1757462664531 150.77687247484684 35
1757462664574 145.08961147270483 36
1757462664615 165.41654024037155 37
1757462664661 173.2292905170447 38
1757462664707 157.83206135796448 39
1757462664763 134.41981884494388 40
1757462664815 125.60253957462268 41
1757462664873 140.69045589469405 42
1757462664928 159.58223116566828 43
1757462664974 159.13761331477525 44
1757462665023 172.3146207312527 45
1757462665074 198.19941756688127 46
1757462665120 167.55714421148443 47
1757462665171 157.7290066229552 48
1757462665220 181.39202838902338 49
1757462665267 163.99460060716268 50
1757462665326 189.1274792354659 51
1757462665384 140.06009942939306 52
1757462665447 157.07293176896468 53
1757462665497 150.40828323266672 54
1757462665552 158.8122657069001 55
1757462665608 157.4467605712684 56
1757462665661 189.92231190801377 57
1757462665704 176.9752990653199 58
1757462665746 153.46514117411425 59
1757462665794 130.23268151011956 60
1757462665851 168.20260098443802 61
1757462665891 157.73055598926084 62
1757462665972 188.1179635566156 63
1757462666059 156.44135514826377 64
1757462666129 174.11221175111095 65
1757462666176 164.71875196059108 66
1757462666236 164.5308530448411 67
1757462666316 160.0976245627234 68
1757462666385 158.53993180648018 69
1757462666437 136.38599879384046 70
1757462666524 164.60463091340588 71
1757462666581 177.013522565151 72
1757462666630 181.4108127802333 73
1757462666684 149.98740335320866 74
1757462666727 165.70587957649082 75
1757462666796 200.10008414701412 76
1757462666835 163.16774793643955 77
1757462666889 127.52209010106726 78
1757462666937 166.71229023496358 79
1757462666980 138.6374756171605 80
1757462667035 156.95998658785692 81
1757462667087 183.82058614216555 82
1757462667132 140.0105485090044 83
1757462667179 159.9812233507411 84
1757462667236 216.01991717381097 85
1757462667292 212.87552420281372 86
1757462667350 163.51248535049038 87
1757462667405 184.88458457582175 88
1757462667453 185.00471181954921 89
1757462667500 174.4204245947824 90
1757462667556 142.8148437860313 91
1757462667598 174.88813122408672 92
1757462667646 161.66227194269734 93
1757462667701 171.64028244751842 94
1757462667753 153.53929399709452 95
1757462667799 155.20189621731518 96
1757462667847 199.7668191794692 97
1757462667888 163.92482978645663 98
1757462667947 174.17253977596903 99
1757462667999 173.11951724768792 100
1757462668052 170.39650080291216 101
1757462668118 160.7898625268646 102
1757462668164 147.57967493680263 103
1757462668213 161.1469997351974 104
1757462668256 170.02910574370165 105
1757462668316 166.92629846571285 106
1757462668365 188.01614636656112 107
1757462668416 161.1447552794198 108
1757462668459 182.0269597444403 109
1757462668514 158.10088399985406 110
1757462668576 164.67459952794235 111
1757462668628 159.1094982142413 112
1757462668677 180.07097002664966 113
1757462668733 162.858400887135 114
1757462668789 154.77500863499398 115
1757462668863 146.9138203749644 116
1757462668911 180.4574405254348 117
1757462668954 158.34502583422076 118
1757462668998 182.3639247846349 119
1757462669045 145.52735403663965 120
1757462669100 210.51320556182023 121
1757462669144 154.74924662958614 122
1757462669184 174.04881176185594 123
1757462669232 187.407872046242 124
1757462669276 219.40900357542532 125
1757462669327 159.67901790223954 126
1757462669376 174.0404136351464 127
1757462669430 175.35076420910707 128
1757462669494 190.9832156323025 129
1757462669543 175.34326343224234 130
1757462669598 162.5221900969742 131
1757462669655 167.46670254656271 132
1757462669726 156.67085404424301 133
1757462669784 193.19662974284736 134
1757462669844 152.23848253745766 135
1757462669893 144.91559133619106 136
1757462669943 158.4567850699775 137
1757462669993 164.85483173181726 138
1757462670044 163.7458203988648 139
1757462670098 165.43438073478737 140
1757462670157 164.4535076814761 141
1757462670219 167.47552024359155 142
1757462670281 209.46078502488274 143
1757462670332 155.14769405697672 144
1757462670393 182.22043203393264 145
1757462670448 144.77509649771716 146
1757462670502 137.13122420049586 147
1757462670558 153.78912939532216 148
1757462670610 171.10106794092346 149
1757462670685 172.83799247808537 150
1757462670745 147.0491641985213 151
1757462670793 172.17907952973573 152
1757462670835 197.53407036614834 153
1757462670882 176.7374142406455 154
1757462670936 187.07569139644386 155
1757462670991 182.36036574716005 156
1757462671043 168.04616419664097 157
1757462671090 175.45976744370742 158
1757462671144 136.04581129696203 159
1757462671215 153.21547798043656 160
1757462671270 152.18190204708168 161
1757462671328 172.15543656398987 162
1757462671388 206.95319919957495 163
1757462671442 175.72813722758372 164
1757462671494 158.82198950666563 165
1757462671553 167.1728782114911 166
1757462671623 177.68488669130264 167
1757462671677 177.1535060320108 168
1757462671727 172.06208965067214 169
1757462671797 160.0028244942042 170
1757462671862 165.87149004537247 171
1757462671923 151.7219509489172 172
1757462671970 173.74967033823194 173
1757462672037 157.97372050880477 174
1757462672094 172.7275252457886 175
1757462672149 169.19002652725626 176
1757462672210 165.71810872485807 177
1757462672277 173.90428976801851 178
1757462672333 107.35381419607573 179
1757462672397 191.6749063856271 180
1757462672461 167.03828341764773 181
1757462672514 174.3410611381767 182
1757462672573 155.3735278614852 183
1757462672633 194.33774269272917 184
1757462672683 155.62034621559485 185
1757462672738 173.9916114398548 186
1757462672793 178.4919026421124 187
1757462672852 163.4858434946937 188
1757462672918 160.7164642714821 189
1757462672962 167.2682390807677 190
1757462673006 140.43707868337677 191
1757462673050 164.78041817166135 192
1757462673101 151.09994189544457 193
1757462673167 153.8951275592769 194
1757462673217 151.35935905229627 195
1757462673277 152.83234426932674 196
1757462673335 127.5124741259797 197
1757462673389 182.05714509574784 198
1757462673442 154.85572192312628 199
1757462673482 137.1090804056536 200
1757462673524 165.66147605134248 201
1757462673595 150.74039883055195 202
1757462673654 174.7794333631923 203
1757462673697 161.72000464985473 204
1757462673753 160.88178450181164 205
1757462673805 118.67915061066397 206
1757462673858 160.35150246718084 207
1757462673919 177.0312028659557 208
1757462673973 182.8242644860612 209
1757462674022 172.13256467894522 210
1757462674077 173.81992126827708 211
1757462674126 172.70273758160857 212
1757462674174 184.72072184375583 213
1757462674234 161.80910470255387 214
1757462674301 154.48288303960518 215
1757462674352 170.3883132811146 216
1757462674411 190.48631190398257 217
1757462674467 172.2638000849459 218
1757462674532 163.0191105401819 219
1757462674600 176.31043376354486 220
1757462674655 177.1387139597438 221
1757462674714 182.49847733094532 222
1757462674784 188.2634148855185 223
1757462674839 173.82048971781026 224
1757462674892 163.5222817683018 225
1757462674946 160.1267906176807 226
1757462674999 164.66513034779845 227
1757462675055 151.8142232236061 228
1757462675111 174.96162363896886 229
1757462675175 156.92825951716313 230
1757462675233 172.14404331894656 231
1757462675281 182.31483590829623 232
1757462675334 173.14022401183416 233
1757462675393 175.4087226362262 234
1757462675462 172.85165399063953 235
1757462675518 136.5955206649575 236
1757462675569 177.87511743819607 237
1757462675632 155.04214643920886 238
1757462675695 149.8970227454577 239
1757462675747 153.62124162939264 240
1757462675812 167.38796548850448 241
1757462675868 162.05603531646398 242
1757462675916 169.48958189535546 243
1757462675968 167.49524560944383 244
1757462676018 160.85508726902015 245
1757462676081 202.90117997095368 246
1757462676140 153.59104300241611 247
1757462676185 173.8639186305769 248
1757462676259 163.04942894496804 249
1757462676305 165.48888080908318 250
1757462676351 154.511935423364 251
1757462676401 172.2558765448168 252
1757462676462 182.92470285976174 253
1757462676520 183.84551555613612 254
1757462676576 167.53909164982772 255
1757462676644 182.18724411903662 256
1757462676699 159.669223222102 257
1757462676758 177.9284835816308 258
1757462676825 158.60847880704264 259
1757462676882 153.90728355948636 260
1757462676928 161.00400870973823 261
1757462676981 156.7354666966234 262
1757462677036 155.79436437618867 263
1757462677092 130.5467071439757 264
1757462677144 183.23881441921696 265
1757462677222 145.95018622632912 266
1757462677268 145.21582644574 267
1757462677326 183.9425394864275 268
1757462677385 151.3546839087287 269
1757462677435 151.38428870642701 270
1757462677495 176.55897220253775 271
1757462677540 152.55834363835984 272
1757462677595 158.5649063362385 273
1757462677662 160.4114953968904 274
1757462677713 159.20406872872573 275
1757462677775 153.83946099096985 276
1757462677831 148.28029599826093 277
1757462677896 178.5385003860432 278
1757462677960 164.41007751207897 279
1757462678022 154.78104945856714 280
1757462678081 160.2857478862596 281
1757462678136 150.24831782002127 282
1757462678198 78.86740650858097 283
1757462678256 150.6321742942915 284
1757462678317 165.7457108914537 285
1757462678376 185.17948730472474 286
1757462678448 164.5258446950581 287
1757462678530 166.01025318087278 288
1757462678586 157.08693760965286 289
1757462678648 187.87998448926777 290
1757462678695 172.80026757248385 291
1757462678750 168.27018952795993 292
1757462678797 176.3288980871171 293
1757462678848 140.63620971966054 294
1757462678895 125.69817863462663 295
1757462678951 157.41571056587176 296
1757462679029 151.9108339116699 297
1757462679090 125.80217613547893 298
1757462679189 150.46614016480032 299
1757462679240 154.83767798585805 300
1757462679301 166.67463396635952 301
1757462679358 149.1180385015014 302
1757462679419 162.99404354358842 303
1757462679493 152.4835698957032 304
1757462679556 159.2999150001269 305
1757462679608 125.54987751360828 306
1757462679674 176.99253544166274 307
1757462679728 143.56047404998742 308
1757462679784 149.6128973320079 309
1757462679838 146.3708950632834 310
1757462679912 192.64653562968897 311
1757462679971 161.0286847053383 312
1757462680057 167.17585446653305 313
1757462680118 162.98353048801155 314
1757462680178 158.01047815761882 315
1757462680248 161.87170230455706 316
1757462680306 150.79235479039914 317
1757462680368 144.111723006339 318
1757462680447 185.99132429239245 319
1757462680523 140.36254793409086 320
1757462680590 172.5091635304788 321
1757462680659 156.27910903030806 322
1757462680771 186.8192588890652 323
1757462680829 155.97732309535138 324
1757462680897 148.2975826423162 325
1757462680950 180.9789506484734 326
1757462681007 173.1885441284369 327
1757462681151 181.1925787037212 328
1757462681220 174.37664569137752 329
1757462681294 140.2771725724049 330
1757462681359 179.99635059871522 331
1757462681426 170.70915118044636 332
1757462681516 113.90619477857148 333
1757462681570 168.61183027341062 334
1757462681616 145.37922307138484 335
1757462681677 188.3127558758257 336
1757462681741 197.256920998265 337
1757462681805 149.87497231521203 338
1757462681874 180.01077681066698 339
1757462681942 178.65374624377785 340
1757462682004 138.52950272327945 341
1757462682066 166.18255098694965 342
1757462682143 157.37302531786494 343
1757462682210 124.14183739966873 344
1757462682264 167.59310030720687 345
1757462682350 200.6511634942449 346
1757462682415 151.38284846781474 347
1757462682467 158.85676570649895 348
1757462682523 169.9290197190146 349
1757462682590 164.7349624916337 350
1757462682652 151.65355639732627 351
1757462682736 156.64157677846896 352
1757462682797 200.04825293762605 353
1757462682848 168.82563085402816 354
1757462682894 142.2716120129566 355
1757462682954 154.45946131305533 356
1757462683007 166.6275343405569 357
1757462683089 151.69264705111814 358
1757462683163 186.76075840781493 359
1757462683224 149.33568409143228 360
1757462683282 169.32313739599402 361
1757462683359 154.10927063752854 362
1757462683418 152.24853340955426 363
1757462683473 154.42660771507866 364
1757462683532 146.91416544783226 365
1757462683587 152.3904537997779 366
1757462683654 145.3795023121726 367
1757462683707 167.91957470126383 368
1757462683773 158.02706991153522 369
1757462683837 160.59681557557298 370
1757462683895 171.80330722242348 371
1757462683959 157.4538427763264 372
1757462684017 176.4818539520084 373
1757462684082 143.15596609054043 374
1757462684144 137.2882022082191 375
1757462684210 175.73667860838 376
1757462684297 140.3776617928406 377
1757462684367 128.95521627003887 378
1757462684433 154.33614108537552 379
1757462684487 152.23277339490943 380
1757462684545 126.71773655347194 381
1757462684609 160.36457956458383 382
1757462684678 165.3181569897429 383
1757462684757 184.7752815626595 384
1757462684810 171.73322626076694 385
1757462684885 170.45272821772326 386
1757462684932 161.85151245050142 387
1757462684984 190.34291437565435 388
1757462685064 201.5247662790687 389
1757462685139 149.31103533318006 390
1757462685190 148.31233178161665 391
1757462685275 173.99943482350662 392
1757462685336 210.92076443395098 393
1757462685379 158.20499282214303 394
1757462685427 133.86900041890414 395
1757462685488 120.7597657254177 396
1757462685558 145.86940643460167 397
1757462685607 170.64157952356624 398
1757462685653 175.02720292866857 399
1757462685724 161.52688105280845 400
1757462685774 175.48835153279595 401
1757462685862 154.04633646174173 402
1757462685937 180.16117848631242 403
1757462685993 162.5787585608602 404
1757462686051 188.69046505048615 405
1757462686114 153.761293041631 406
1757462686174 191.96910058600162 407
1757462686235 161.56032602574885 408
1757462686291 181.09671430193276 409
1757462686355 166.07373042027166 410
1757462686431 150.30932695100137 411
1757462686495 155.23190675530418 412
1757462686548 160.07870480999284 413
1757462686617 112.88547852760189 414
1757462686673 165.51069276713443 415
1757462686737 154.1647383981197 416
1757462686806 183.40246981590434 417
1757462686875 199.190784138948 418
1757462686924 141.48260111217522 419
1757462686969 191.94212012335802 420
1757462687022 159.45176139658673 421
1757462687087 152.73949095153702 422
1757462687147 142.43300709335108 423
1757462687212 194.2805390980593 424
1757462687273 151.44834320508392 425
1757462687362 167.39752957342455 426
1757462687420 127.1013586365623 427
1757462687477 168.0499956401265 428
1757462687537 163.6208395747227 429
1757462687602 157.14326255409915 430
1757462687666 169.61138252146804 431
1757462687732 156.31217790596637 432
1757462687796 181.5575577071388 433
1757462687869 186.3710243145161 434
1757462687936 192.83293256743747 435
1757462688007 166.7693059765032 436
1757462688062 143.8962849174379 437
1757462688122 201.38412767765124 438
1757462688181 156.49844204418193 439
1757462688238 162.67195457685241 440
1757462688288 137.98131509561674 441
1757462688344 173.04598435681845 442
1757462688394 160.15994142221868 443
1757462688463 115.30342980786766 444
1757462688525 218.20313857520452 445
1757462688585 153.77596411904355 446
1757462688649 130.9041573035182 447
1757462688711 164.97816755763762 448
1757462688777 175.73270424734875 449
1757462688840 158.63249410763063 450
1757462688894 165.48402020162257 451
1757462688958 140.67806611275742 452
1757462689018 171.6451910605892 453
1757462689075 153.48146363920725 454
1757462689139 170.90655503480033 455
1757462689197 171.01426936191748 456
1757462689265 158.1844421848045 457
1757462689327 162.56994865903175 458
1757462689404 162.26966227821413 459
1757462689482 151.00631106761028 460
1757462689540 191.2049847939983 461
1757462689598 176.1777892514437 462
1757462689650 158.34157409768545 463
1757462689720 157.2302977482991 464
1757462689780 149.3992102958842 465
1757462689855 153.15027422570267 466
1757462689925 168.86338399759796 467
1757462689983 112.91074116948771 468
1757462690047 147.42175164409886 469
1757462690107 162.3885279576869 470
1757462690167 156.66471444027962 471
1757462690233 160.78386497551102 472
1757462690298 155.83804105596616 473
1757462690359 167.55776512404944 474
1757462690421 161.17828732626623 475
1757462690470 167.15007658568956 476
1757462690516 180.7679931809277 477
1757462690561 134.97305319403316 478
1757462690622 137.99610744817082 479
1757462690683 151.8408516344634 480
1757462690743 147.69403602677042 481
1757462690799 172.52167456736325 482
1757462690858 141.91027671266372 483
1757462690911 157.32104957049012 484
1757462690980 138.02312393595088 485
1757462691027 178.44411411450187 486
1757462691089 167.35413239478476 487
1757462691152 147.26528935997166 488
1757462691220 151.95035740832463 489
1757462691297 147.7822793907765 490
1757462691364 118.88154617677053 491
1757462691428 171.17891853350486 492
1757462691493 153.41732734355946 493
1757462691574 151.56639191343652 494
1757462691637 148.19328475538606 495
1757462691734 180.1828070070314 496
1757462691792 153.46556158789838 497
1757462691864 169.37585911619684 498
1757462691940 169.6360262740115 499
