1757462483009 178.241206330374 0
1757462483053 175.2944315378182 1
1757462483097 162.9174311266521 2
1757462483139 161.64294104929846 3
1757462483180 174.98531865161635 4
1757462483238 168.4789231173398 5
1757462483276 176.71693437453402 6
1757462483319 169.55854750769865 7
1757462483355 157.11489289177788 8
1757462483392 166.26210686752074 9
1757462483431 149.49941559913614 10
1757462483492 170.45553017643198 11
1757462483531 172.26462818504095 12
1757462483570 161.36928325734624 13
1757462483610 187.82851075763887 14
1757462483656 180.57948618575074 15
1757462483701 152.08975604588986 16
1757462483748 154.72630508682732 17
1757462483797 160.98886703831124 18
1757462483842 165.51726370507959 19
1757462483894 168.9987352311839 20
1757462483933 163.7014979155672 21
1757462483979 151.69312209393973 22
1757462484015 175.29737362126716 23
1757462484059 188.02397036526517 24
1757462484105 165.49250712920866 25
1757462484148 156.0869866696814 26
1757462484181 158.82689927410385 27
1757462484218 162.67020472349623 28
