1757463193614 2.079974016774642e+216 0
1757463193691 inf 1
1757463193787 nan 2
1757463193864 nan 3
1757463193931 nan 4
1757463193991 nan 5
1757463194061 nan 6
1757463194219 nan 7
1757463194354 nan 8
1757463194462 nan 9
1757463194569 nan 10
1757463194676 nan 11
1757463194778 nan 12
1757463194960 nan 13
1757463195050 nan 14
1757463195164 nan 15
1757463195288 nan 16
1757463195487 nan 17
1757463195627 nan 18
1757463195759 nan 19
1757463195909 nan 20
1757463196010 nan 21
1757463196089 nan 22
1757463196156 nan 23
1757463196290 nan 24
1757463196414 nan 25
1757463196524 nan 26
1757463196638 nan 27
1757463196726 nan 28
1757463196800 nan 29
1757463196902 nan 30
1757463196981 nan 31
1757463197047 nan 32
1757463197123 nan 33
1757463197196 nan 34
1757463197265 nan 35
1757463197350 nan 36
1757463197432 nan 37
1757463197516 nan 38
1757463197584 nan 39
1757463197661 nan 40
1757463197740 nan 41
1757463197817 nan 42
1757463197891 nan 43
1757463197969 nan 44
1757463198038 nan 45
1757463198113 nan 46
1757463198183 nan 47
1757463198266 nan 48
1757463198332 nan 49
1757463198426 nan 50
1757463198498 nan 51
1757463198576 nan 52
1757463198641 nan 53
1757463198722 nan 54
1757463198800 nan 55
1757463198880 nan 56
1757463198970 nan 57
1757463199054 nan 58
1757463199116 nan 59
1757463199174 nan 60
1757463199240 nan 61
1757463199371 nan 62
1757463199448 nan 63
1757463199548 nan 64
1757463199626 nan 65
1757463199695 nan 66
1757463199771 nan 67
1757463199844 nan 68
1757463199920 nan 69
1757463199989 nan 70
1757463200078 nan 71
1757463200157 nan 72
1757463200257 nan 73
1757463200367 nan 74
1757463200486 nan 75
1757463200571 nan 76
1757463200669 nan 77
1757463200788 nan 78
1757463200943 nan 79
1757463201007 nan 80
1757463201091 nan 81
1757463201167 nan 82
1757463201246 nan 83
1757463201324 nan 84
1757463201389 nan 85
1757463201463 nan 86
1757463201554 nan 87
1757463201621 nan 88
1757463201699 nan 89
1757463201783 nan 90
1757463201849 nan 91
1757463201918 nan 92
1757463201997 nan 93
1757463202078 nan 94
1757463202150 nan 95
1757463202217 nan 96
1757463202289 nan 97
1757463202376 nan 98
1757463202453 nan 99
1757463202540 nan 100
1757463202614 nan 101
1757463202678 nan 102
1757463202736 nan 103
1757463202800 nan 104
1757463202868 nan 105
1757463202933 nan 106
1757463203007 nan 107
1757463203084 nan 108
1757463203155 nan 109
1757463203230 nan 110
1757463203299 nan 111
1757463203368 nan 112
1757463203454 nan 113
1757463203521 nan 114
1757463203601 nan 115
1757463203673 nan 116
1757463203741 nan 117
1757463203821 nan 118
1757463203889 nan 119
1757463203952 nan 120
1757463204024 nan 121
1757463204089 nan 122
1757463204257 nan 123
1757463204324 nan 124
1757463204382 nan 125
1757463204458 nan 126
1757463204536 nan 127
1757463204634 nan 128
1757463204703 nan 129
1757463204764 nan 130
1757463204872 nan 131
1757463204946 nan 132
1757463205027 nan 133
1757463205120 nan 134
1757463205196 nan 135
1757463205271 nan 136
1757463205359 nan 137
1757463205430 nan 138
1757463205503 nan 139
1757463205586 nan 140
1757463205671 nan 141
1757463205749 nan 142
1757463205826 nan 143
1757463205913 nan 144
1757463205991 nan 145
1757463206085 nan 146
1757463206157 nan 147
1757463206224 nan 148
1757463206330 nan 149
1757463206410 nan 150
1757463206477 nan 151
1757463206571 nan 152
1757463206645 nan 153
1757463206714 nan 154
1757463206800 nan 155
1757463206915 nan 156
1757463207004 nan 157
1757463207078 nan 158
1757463207151 nan 159
1757463207234 nan 160
1757463207378 nan 161
1757463207467 nan 162
1757463207540 nan 163
1757463207615 nan 164
1757463207682 nan 165
1757463207757 nan 166
1757463207836 nan 167
1757463207901 nan 168
1757463207975 nan 169
1757463208041 nan 170
1757463208126 nan 171
1757463208205 nan 172
1757463208272 nan 173
1757463208342 nan 174
1757463208433 nan 175
1757463208501 nan 176
1757463208587 nan 177
1757463208652 nan 178
1757463208714 nan 179
1757463208800 nan 180
1757463208865 nan 181
1757463208930 nan 182
1757463209013 nan 183
1757463209149 nan 184
1757463209221 nan 185
1757463209292 nan 186
1757463209365 nan 187
1757463209442 nan 188
1757463209521 nan 189
1757463209594 nan 190
1757463209668 nan 191
1757463209737 nan 192
1757463209837 nan 193
1757463209912 nan 194
1757463209979 nan 195
1757463210061 nan 196
1757463210131 nan 197
1757463210208 nan 198
1757463210290 nan 199
1757463210362 nan 200
1757463210440 nan 201
1757463210520 nan 202
1757463210586 nan 203
1757463210686 nan 204
1757463210782 nan 205
1757463210963 nan 206
1757463211051 nan 207
1757463211130 nan 208
1757463211199 nan 209
1757463211272 nan 210
1757463211344 nan 211
1757463211405 nan 212
1757463211477 nan 213
1757463211557 nan 214
1757463211639 nan 215
1757463211717 nan 216
1757463211829 nan 217
1757463211905 nan 218
1757463211970 nan 219
1757463212058 nan 220
1757463212144 nan 221
1757463212214 nan 222
1757463212287 nan 223
1757463212347 nan 224
1757463212430 nan 225
1757463212499 nan 226
1757463212583 nan 227
1757463212660 nan 228
1757463212742 nan 229
1757463212821 nan 230
1757463212897 nan 231
1757463212967 nan 232
1757463213043 nan 233
1757463213108 nan 234
1757463213183 nan 235
1757463213259 nan 236
1757463213323 nan 237
1757463213397 nan 238
1757463213462 nan 239
1757463213531 nan 240
1757463213589 nan 241
1757463213663 nan 242
1757463213733 nan 243
1757463213798 nan 244
1757463213869 nan 245
1757463213951 nan 246
1757463214014 nan 247
1757463214084 nan 248
1757463214165 nan 249
1757463214252 nan 250
1757463214338 nan 251
1757463214409 nan 252
1757463214497 nan 253
1757463214566 nan 254
1757463214701 nan 255
1757463214768 nan 256
1757463214842 nan 257
1757463214929 nan 258
1757463215000 nan 259
1757463215079 nan 260
1757463215163 nan 261
1757463215252 nan 262
1757463215327 nan 263
1757463215397 nan 264
1757463215538 nan 265
1757463215625 nan 266
1757463215704 nan 267
1757463215796 nan 268
1757463215865 nan 269
1757463215949 nan 270
1757463216049 nan 271
1757463216120 nan 272
1757463216197 nan 273
1757463216277 nan 274
1757463216347 nan 275
1757463216431 nan 276
1757463216496 nan 277
1757463216584 nan 278
1757463216671 nan 279
1757463216752 nan 280
1757463216832 nan 281
1757463216916 nan 282
1757463216993 nan 283
1757463217071 nan 284
1757463217146 nan 285
1757463217221 nan 286
1757463217297 nan 287
1757463217394 nan 288
1757463217454 nan 289
1757463217526 nan 290
1757463217599 nan 291
1757463217695 nan 292
1757463217758 nan 293
1757463217824 nan 294
1757463217935 nan 295
1757463217993 nan 296
1757463218049 nan 297
1757463218120 nan 298
1757463218190 nan 299
1757463218268 nan 300
1757463218336 nan 301
1757463218397 nan 302
1757463218465 nan 303
1757463218542 nan 304
1757463218621 nan 305
1757463218697 nan 306
1757463218773 nan 307
1757463218856 nan 308
1757463218967 nan 309
1757463219058 nan 310
1757463219138 nan 311
1757463219215 nan 312
1757463219279 nan 313
1757463219375 nan 314
1757463219457 nan 315
1757463219525 nan 316
1757463219607 nan 317
1757463219685 nan 318
1757463219758 nan 319
1757463219840 nan 320
1757463219918 nan 321
1757463219982 nan 322
1757463220071 nan 323
1757463220160 nan 324
1757463220253 nan 325
1757463220341 nan 326
1757463220401 nan 327
1757463220469 nan 328
1757463220530 nan 329
1757463220593 nan 330
1757463220658 nan 331
1757463220721 nan 332
1757463220791 nan 333
1757463220856 nan 334
1757463220942 nan 335
1757463221009 nan 336
1757463221074 nan 337
1757463221152 nan 338
1757463221210 nan 339
1757463221275 nan 340
1757463221340 nan 341
1757463221439 nan 342
1757463221501 nan 343
1757463221580 nan 344
1757463221654 nan 345
1757463221728 nan 346
1757463221796 nan 347
1757463221868 nan 348
1757463221945 nan 349
1757463222011 nan 350
1757463222087 nan 351
1757463222166 nan 352
1757463222243 nan 353
1757463222694 nan 354
1757463222777 nan 355
1757463222855 nan 356
1757463222948 nan 357
1757463223039 nan 358
1757463223125 nan 359
1757463223250 nan 360
1757463223334 nan 361
1757463223404 nan 362
1757463223477 nan 363
1757463223547 nan 364
1757463223673 nan 365
1757463223755 nan 366
1757463223819 nan 367
1757463223891 nan 368
1757463223960 nan 369
1757463224060 nan 370
1757463224123 nan 371
1757463224212 nan 372
1757463224275 nan 373
1757463224348 nan 374
1757463224427 nan 375
1757463224501 nan 376
1757463224578 nan 377
1757463224654 nan 378
1757463224717 nan 379
1757463224775 nan 380
1757463224836 nan 381
1757463224909 nan 382
1757463224972 nan 383
1757463225034 nan 384
1757463225095 nan 385
1757463225181 nan 386
1757463225254 nan 387
1757463225347 nan 388
1757463225430 nan 389
1757463225506 nan 390
1757463225598 nan 391
1757463225676 nan 392
1757463225748 nan 393
1757463225822 nan 394
1757463225897 nan 395
1757463225976 nan 396
1757463226066 nan 397
1757463226148 nan 398
1757463226227 nan 399
1757463226291 nan 400
1757463226366 nan 401
1757463226440 nan 402
1757463226512 nan 403
1757463226592 nan 404
1757463226675 nan 405
1757463226766 nan 406
1757463226854 nan 407
1757463226933 nan 408
1757463227003 nan 409
1757463227079 nan 410
1757463227159 nan 411
1757463227230 nan 412
1757463227305 nan 413
1757463227380 nan 414
1757463227457 nan 415
1757463227530 nan 416
1757463227624 nan 417
1757463227716 nan 418
1757463227793 nan 419
1757463227874 nan 420
1757463227946 nan 421
1757463228035 nan 422
1757463228107 nan 423
1757463228191 nan 424
1757463228263 nan 425
1757463228335 nan 426
1757463228410 nan 427
1757463228477 nan 428
1757463228555 nan 429
1757463228638 nan 430
1757463228703 nan 431
1757463228780 nan 432
1757463228850 nan 433
1757463228921 nan 434
1757463229005 nan 435
1757463229095 nan 436
1757463229170 nan 437
1757463229255 nan 438
1757463229333 nan 439
1757463229415 nan 440
1757463229480 nan 441
1757463229548 nan 442
1757463229639 nan 443
1757463229699 nan 444
1757463229776 nan 445
1757463229859 nan 446
1757463229959 nan 447
1757463230039 nan 448
1757463230124 nan 449
1757463230219 nan 450
1757463230299 nan 451
1757463230377 nan 452
1757463230458 nan 453
1757463230536 nan 454
1757463230608 nan 455
1757463230681 nan 456
1757463230750 nan 457
1757463230823 nan 458
1757463230899 nan 459
1757463230977 nan 460
1757463231088 nan 461
1757463231174 nan 462
1757463231251 nan 463
1757463231325 nan 464
1757463231405 nan 465
1757463231501 nan 466
1757463231575 nan 467
1757463231651 nan 468
1757463231733 nan 469
1757463231806 nan 470
1757463231879 nan 471
1757463231952 nan 472
1757463232041 nan 473
1757463232123 nan 474
1757463232198 nan 475
1757463232286 nan 476
1757463232363 nan 477
1757463232433 nan 478
1757463232504 nan 479
1757463232574 nan 480
1757463232666 nan 481
1757463232750 nan 482
1757463232834 nan 483
1757463232919 nan 484
1757463232987 nan 485
1757463233094 nan 486
1757463233187 nan 487
1757463233265 nan 488
1757463233351 nan 489
1757463233427 nan 490
1757463233508 nan 491
1757463233593 nan 492
1757463233664 nan 493
1757463233749 nan 494
1757463233824 nan 495
1757463233904 nan 496
1757463233983 nan 497
1757463234065 nan 498
1757463234141 nan 499
