1757462851740 174.27447638500183 0
1757462851747 171.20452374670805 1
1757462851760 165.97526546644286 2
1757462851774 176.9431172830043 3
1757462851783 173.07536773599327 4
1757462851790 170.25556478392198 5
1757462851798 168.11253675290442 6
1757462851806 166.10067297491042 7
1757462851814 173.4239242070322 8
1757462851821 164.89991186555892 9
1757462851830 168.46866978315583 10
1757462851837 167.34280949200962 11
1757462851845 162.90934019023922 12
1757462851852 169.2841377047879 13
1757462851860 171.46904290035127 14
1757462851868 163.099789834828 15
1757462851885 165.4393950586712 16
1757462851897 159.07116285221392 17
1757462851917 165.40667377655126 18
1757462851943 167.66613135111515 19
1757462851958 167.73307967138473 20
1757462851974 170.21970901802604 21
1757462851992 166.06217951192968 22
1757462852009 165.81785441545486 23
1757462852028 164.0533175526678 24
1757462852039 164.80288765679705 25
1757462852050 164.8629548493285 26
1757462852065 161.15640515601996 27
1757462852074 157.51507799547824 28
1757462852097 170.51530617616427 29
1757462852107 161.08613012791227 30
1757462852125 161.03140020832993 31
1757462852134 165.31639227146462 32
1757462852147 163.8426111158204 33
1757462852163 158.03987664107945 34
1757462852172 169.1005742797705 35
1757462852188 167.27626952226652 36
1757462852213 170.33382015368613 37
1757462852221 168.78259407137097 38
1757462852233 164.23884822865764 39
1757462852250 163.97985111889977 40
1757462852271 159.10797570284623 41
1757462852286 159.00238236185305 42
1757462852296 165.09317696522592 43
1757462852311 169.77922558808922 44
1757462852319 158.4948138808676 45
1757462852338 163.97974211632877 46
1757462852348 163.491860148747 47
1757462852362 203.26695778796625 48
1757462852374 162.44983013478844 49
1757462852405 163.2710083151265 50
1757462852416 161.70267235245765 51
1757462852431 163.39055554481894 52
1757462852447 167.69942466417882 53
1757462852467 164.99133990323008 54
1757462852498 160.49289054039792 55
1757462852514 169.9608539057192 56
1757462852559 165.17636295236636 57
1757462852568 164.70025132988076 58
1757462852578 160.81062179256713 59
1757462852596 163.27082478210428 60
1757462852611 161.85733482952807 61
1757462852620 161.16601028997042 62
1757462852628 155.57067266267296 63
1757462852637 159.76478846250558 64
1757462852652 161.3780057374732 65
1757462852663 162.57716544460158 66
1757462852679 172.5344777475302 67
1757462852699 159.68689621227315 68
1757462852716 159.7758420051447 69
1757462852726 166.21316610671096 70
1757462852736 154.76530159854792 71
1757462852751 152.2764366034054 72
1757462852763 157.5215706974675 73
1757462852777 154.79217593944816 74
1757462852786 159.8417020343651 75
1757462852796 158.46727975284765 76
1757462852804 167.60704641157915 77
1757462852822 161.272185673313 78
1757462852832 163.64411834442382 79
1757462852845 155.59513607494858 80
1757462852854 156.2809981425619 81
1757462852864 160.44661536642587 82
1757462852874 153.16355672367752 83
1757462852886 157.31700456390388 84
1757462852905 158.58462837289244 85
1757462852918 158.00306020331692 86
1757462852927 161.13072002549603 87
1757462852951 164.253777694635 88
1757462852963 159.8645570552735 89
1757462852980 162.74892245388946 90
1757462852993 159.4628811728553 91
1757462853019 159.01069377141823 92
1757462853033 161.97938393341238 93
1757462853049 189.37613960144037 94
1757462853063 156.2716359148926 95
1757462853072 154.29673057462233 96
1757462853098 155.00293769633362 97
1757462853107 158.7112296004046 98
1757462853118 153.8008719963824 99
1757462853134 159.33092246070152 100
1757462853145 153.6857681169528 101
1757462853154 159.92454729956663 102
1757462853164 155.24387180667586 103
1757462853178 155.28942852037707 104
1757462853206 159.60000878763685 105
1757462853220 150.8192673636196 106
1757462853229 156.51106820923627 107
1757462853239 158.29117221093452 108
1757462853256 153.98436375793304 109
1757462853270 158.47622389239086 110
1757462853289 156.31870950185916 111
1757462853302 153.94898588454447 112
1757462853315 151.8020741550968 113
1757462853339 150.81891157983745 114
1757462853362 154.2045849005367 115
1757462853375 155.75901218906068 116
1757462853388 155.23524017279257 117
1757462853407 154.65239771753008 118
1757462853417 148.41432811574725 119
1757462853434 157.57106098986546 120
1757462853451 151.88815640090206 121
1757462853471 157.8998221808509 122
1757462853491 154.36946487917595 123
1757462853506 152.41620835874267 124
1757462853519 155.15146988328414 125
1757462853541 151.40261663437627 126
1757462853556 147.86993307631099 127
1757462853565 154.5016159979986 128
1757462853574 148.77417419891304 129
1757462853584 150.58011104971854 130
1757462853598 153.57924745027213 131
1757462853610 154.76324134150303 132
1757462853622 153.69638228666264 133
1757462853636 152.4751386813453 134
1757462853646 152.2419935820197 135
1757462853668 149.4923634489092 136
1757462853678 154.29101469874269 137
1757462853688 151.457003826175 138
1757462853710 151.99619566059266 139
1757462853726 160.24443895215023 140
1757462853744 149.87502285542524 141
1757462853753 152.61382218602307 142
1757462853765 144.43999211077875 143
1757462853789 151.48000603910182 144
1757462853812 147.67105065596192 145
1757462853826 154.65570950499747 146
1757462853848 153.63946094547862 147
1757462853878 148.00804874868106 148
1757462853893 150.67287283957572 149
1757462853908 147.7255276340683 150
1757462853925 150.1287146228514 151
1757462853947 145.95719337531406 152
1757462853957 147.62367435070212 153
1757462853974 150.26203291194355 154
1757462853990 149.36354971289393 155
1757462854009 148.18373758312103 156
1757462854021 145.7545155960045 157
1757462854039 147.72827052824755 158
1757462854054 151.52038174984372 159
1757462854078 151.69781421814946 160
1757462854095 146.28599214426686 161
1757462854115 158.95645342046254 162
1757462854132 154.687914551576 163
1757462854152 151.3596237217837 164
1757462854173 150.39973151206135 165
1757462854199 150.42574111519087 166
1757462854211 150.4086364988486 167
1757462854230 153.44009655676697 168
1757462854254 157.36089693424196 169
1757462854264 152.3076478860903 170
1757462854277 148.43928145603917 171
1757462854299 149.59102268271886 172
1757462854310 151.37222428118787 173
1757462854321 154.52535262646666 174
1757462854334 153.15658349246345 175
1757462854361 148.81351615119624 176
1757462854372 153.98401439434582 177
1757462854389 147.75751876962462 178
1757462854408 147.7630054452028 179
1757462854428 151.33637626680235 180
1757462854441 149.6335529017851 181
1757462854460 146.67986224165833 182
1757462854489 147.1585767616859 183
1757462854508 150.89956131664343 184
1757462854519 148.20616097355625 185
1757462854546 146.53476926310844 186
1757462854560 146.91863221103392 187
1757462854578 149.83203636771435 188
1757462854595 145.7218910262677 189
1757462854611 147.56725000894738 190
1757462854632 150.13366885651484 191
1757462854647 149.1259091177991 192
1757462854661 148.16875155991443 193
1757462854679 149.07285576320967 194
1757462854710 150.4231577234598 195
1757462854727 154.1158742502277 196
1757462854739 147.9348428152276 197
1757462854750 148.76278093749795 198
1757462854771 153.54534660727407 199
1757462854797 148.96033593463704 200
1757462854826 145.5791986016206 201
1757462854854 143.30048131559133 202
1757462854882 147.76744417664574 203
1757462854893 141.93958004952248 204
1757462854905 142.46837042675838 205
1757462854921 147.521723655974 206
1757462854932 148.03297498647458 207
1757462854953 141.3330730145433 208
1757462854967 147.5871734484944 209
1757462854993 148.97977148114003 210
1757462855012 149.85365741274921 211
1757462855027 143.40803774622873 212
1757462855038 156.9656399079482 213
1757462855053 152.43562509309382 214
1757462855078 147.44344101030427 215
1757462855098 146.26664404818914 216
1757462855114 149.38727692649292 217
1757462855126 147.46064697936805 218
1757462855137 143.0632610873564 219
1757462855149 146.850997223994 220
1757462855160 149.63085335603478 221
1757462855171 146.3842550043503 222
1757462855187 143.819551850586 223
1757462855198 151.38687346256185 224
1757462855215 147.0477459715401 225
1757462855226 145.4053362613396 226
1757462855239 144.46306377477322 227
1757462855261 142.43023635210056 228
1757462855280 142.890001504983 229
1757462855300 143.4773137805439 230
1757462855313 147.36560150177513 231
1757462855332 139.88405385044894 232
1757462855356 139.93729108185727 233
1757462855377 156.47591664237922 234
1757462855393 146.03335824439404 235
1757462855415 145.40887097860067 236
1757462855443 145.795970001329 237
1757462855462 142.59451550181615 238
1757462855473 141.60797302271885 239
1757462855485 173.69270705921917 240
1757462855514 143.24934931522705 241
1757462855562 143.42132890750824 242
1757462855575 145.57995930259528 243
1757462855592 144.63482648250096 244
1757462855616 154.87901207967076 245
1757462855631 143.00889716202187 246
1757462855646 142.779720687197 247
1757462855661 142.2078703830992 248
1757462855685 142.81298811780954 249
1757462855698 147.26016396312377 250
1757462855724 144.55093498064008 251
1757462855736 170.72295733490944 252
1757462855756 142.84543365728385 253
1757462855779 142.5146393684617 254
1757462855790 138.76130075187484 255
1757462855810 143.08933569772444 256
1757462855832 147.42008918531832 257
1757462855844 143.07569094321292 258
1757462855863 142.8187811307835 259
1757462855879 144.09578404212002 260
1757462855896 141.171258972198 261
1757462855909 142.41000946416625 262
1757462855927 147.29390473177165 263
1757462855963 141.11136599674737 264
1757462855977 142.8809292117254 265
1757462855993 145.68001076591216 266
1757462856019 142.40871996601754 267
1757462856035 141.0265130563211 268
1757462856055 140.09903593049034 269
1757462856072 150.69908415315564 270
1757462856097 138.83713429108292 271
1757462856114 145.31401030081483 272
1757462856137 142.31613395313178 273
1757462856156 145.0637043496111 274
1757462856176 144.2053290568277 275
1757462856188 146.89235341090176 276
1757462856208 147.07915480110182 277
1757462856226 140.8566105183507 278
1757462856247 143.0272571867052 279
1757462856260 140.0698311591468 280
1757462856272 145.58999747818484 281
1757462856285 139.7737982617992 282
1757462856298 145.66056609194723 283
1757462856312 137.93418883914447 284
1757462856324 145.09407105396394 285
1757462856337 137.84684715177653 286
1757462856351 143.70618972012457 287
1757462856364 141.67114035337124 288
1757462856378 142.271154748671 289
1757462856398 151.66087324728167 290
1757462856422 146.48099193356094 291
1757462856440 139.96466853493962 292
1757462856460 141.42102504752418 293
1757462856478 143.79252946131425 294
1757462856490 141.13024849199195 295
1757462856503 140.53972145990826 296
1757462856526 140.9902423978466 297
1757462856543 138.06408064156943 298
1757462856561 141.40686138767208 299
1757462856619 161.19641257699158 300
1757462856635 141.96506816371 301
1757462856655 140.29883559675227 302
1757462856679 139.02740566906135 303
1757462856714 139.03090432007463 304
1757462856728 140.91782216338402 305
1757462856741 144.4859232242312 306
1757462856757 143.89006191649213 307
1757462856773 134.229505498488 308
1757462856793 137.58166853986438 309
1757462856807 139.4246387715965 310
1757462856830 136.09405762769336 311
1757462856845 142.27943486646666 312
1757462856861 139.75872422852245 313
1757462856884 131.50487382985216 314
1757462856906 139.96898810713543 315
1757462856919 137.38618096484277 316
1757462856938 136.8541417587828 317
1757462856960 138.96200640625995 318
1757462856985 140.04478825393468 319
1757462857007 135.90372630076143 320
1757462857032 135.5107854455813 321
1757462857047 135.39308681408653 322
1757462857061 142.7007851571565 323
1757462857082 135.2739185512148 324
1757462857096 138.74113049985087 325
1757462857134 139.47267999724616 326
1757462857149 144.5946714753822 327
1757462857176 137.5459198119231 328
1757462857202 141.3628684460802 329
1757462857220 133.18212695411444 330
1757462857235 132.85279299966354 331
1757462857250 151.3546071749625 332
1757462857267 137.49055958168282 333
1757462857290 145.81157722037293 334
1757462857309 135.7414643888073 335
1757462857327 135.92310964822016 336
1757462857347 144.7033231956706 337
1757462857370 137.66923395955814 338
1757462857404 138.8127645518515 339
1757462857429 135.88033669794422 340
1757462857447 136.5816305834014 341
1757462857485 138.4001108762625 342
1757462857506 137.74955683065474 343
1757462857528 134.0131439341809 344
1757462857549 138.57779687687503 345
1757462857565 133.30039708706406 346
1757462857583 143.67866018826845 347
1757462857599 134.30198274251217 348
1757462857620 133.80701301796984 349
1757462857634 143.20500448415686 350
1757462857652 142.31464962436905 351
1757462857669 136.96588179649996 352
1757462857683 138.45439534932203 353
1757462857699 139.0662285945561 354
1757462857721 133.00566438486538 355
1757462857735 139.7710209359867 356
1757462857758 135.52837153168412 357
1757462857777 139.85405318467596 358
1757462857791 139.4900059224659 359
1757462857811 152.24117480730624 360
1757462857827 146.78078195755393 361
1757462857845 139.69810092663138 362
1757462857866 134.62679998674002 363
1757462857885 138.87671275952664 364
1757462857911 134.7377784652197 365
1757462857928 135.0665502702115 366
1757462857952 135.92162585995527 367
1757462857972 140.8830391046701 368
1757462858002 132.51434622952098 369
1757462858017 166.65733444722696 370
1757462858038 139.31051666066327 371
1757462858051 135.15487068859568 372
1757462858066 137.83236868809263 373
1757462858080 133.1518915686333 374
1757462858095 140.35738868931378 375
1757462858130 132.6278137097862 376
1757462858150 136.59589929829676 377
1757462858172 131.27971089727032 378
1757462858188 134.74878743240782 379
1757462858213 142.01638283057747 380
1757462858229 131.8929295668295 381
1757462858247 138.784257643075 382
1757462858264 135.91206068253285 383
1757462858286 139.9604406317422 384
1757462858316 133.76641176864962 385
1757462858347 132.780806172327 386
1757462858366 136.99851744081124 387
1757462858392 134.74250556288973 388
1757462858412 135.82217953990244 389
1757462858428 137.26576636857357 390
1757462858460 137.30814172327044 391
1757462858478 142.9949344714288 392
1757462858495 134.8443245908242 393
1757462858514 131.0367737333725 394
1757462858537 133.3944021803781 395
1757462858567 137.01363193310246 396
1757462858594 137.2770117829486 397
1757462858608 133.40096784579032 398
1757462858627 132.896293138622 399
1757462858650 135.6780342868287 400
1757462858684 135.6599998610017 401
1757462858716 131.12417285936073 402
1757462858750 135.88865746590415 403
1757462858776 135.82013429043394 404
1757462858797 135.62773931003417 405
1757462858818 136.27685491961756 406
1757462858834 134.90878029610025 407
1757462858852 144.4861258140351 408
1757462858873 131.47419731768593 409
1757462858894 133.66226209882598 410
1757462858924 134.23209560410032 411
1757462858944 134.20122868955454 412
1757462858970 132.06317281973787 413
1757462858984 135.44507967243032 414
1757462859005 133.5344508548945 415
1757462859036 133.73546632895 416
1757462859068 131.5692728600781 417
1757462859089 134.56277519984053 418
1757462859110 133.69274007508716 419
1757462859132 134.3223916993118 420
1757462859146 131.37241391393695 421
1757462859168 134.87026428301925 422
1757462859199 132.7600969502322 423
1757462859235 131.4978533460726 424
1757462859269 133.24243357692643 425
1757462859295 138.81412590935687 426
1757462859316 135.27521411919162 427
1757462859334 127.98120257125207 428
1757462859355 135.3300278502335 429
1757462859383 131.84312035951388 430
1757462859406 132.81527844402487 431
1757462859432 132.2911253287416 432
1757462859460 127.52782023309584 433
1757462859475 134.02989895496006 434
1757462859495 132.15298436432352 435
1757462859514 134.98032901028492 436
1757462859550 131.18664132985606 437
1757462859575 134.2137402571468 438
1757462859594 128.15574971642116 439
1757462859618 131.46410516195374 440
1757462859639 131.62033904103086 441
1757462859666 129.93400798432953 442
1757462859689 133.02465042803493 443
1757462859710 133.9855081369955 444
1757462859742 136.7937842581504 445
1757462859771 133.0857093927195 446
1757462859792 135.08922855772795 447
1757462859810 129.7514460448358 448
1757462859846 136.34905267683723 449
1757462859876 129.94438243774118 450
1757462859892 138.86434033388937 451
1757462859912 131.46222492377427 452
1757462859940 133.0869759866505 453
1757462859955 131.1937950192886 454
1757462859991 132.88685074180913 455
1757462860015 133.6047040973009 456
1757462860051 134.02465542506795 457
1757462860073 135.29429190482992 458
1757462860097 137.04713986246387 459
1757462860129 138.91691195629392 460
1757462860151 132.18628844633375 461
1757462860174 124.1502678289259 462
1757462860197 128.51744592765334 463
1757462860222 135.1695320168161 464
1757462860245 131.4598946586617 465
1757462860274 132.46630003121896 466
1757462860297 132.71030802682236 467
1757462860322 126.16125465475376 468
1757462860346 128.02043901765552 469
1757462860380 135.6584145315213 470
1757462860404 129.61328963922136 471
1757462860431 129.5542931359918 472
1757462860451 134.16593369722455 473
1757462860473 127.25222044980184 474
1757462860500 130.96166743844373 475
1757462860523 138.02725311715312 476
1757462860550 137.91703310039156 477
1757462860580 131.40784388555306 478
1757462860596 128.13799832903496 479
1757462860625 131.85943454589173 480
1757462860645 136.42585209993618 481
1757462860661 139.13902311596397 482
1757462860684 130.66514846376674 483
1757462860717 133.21099273665305 484
1757462860743 131.88646731401235 485
1757462860763 128.52399705765566 486
1757462860789 131.19557537284163 487
1757462860816 134.34657347291179 488
1757462860837 128.7805120014373 489
1757462860866 129.05950457262887 490
1757462860889 131.93904101414665 491
1757462860923 131.73574695100618 492
1757462860943 130.84985007821228 493
1757462860964 123.68608619272239 494
1757462861009 131.05159067969845 495
1757462861042 133.9732298193245 496
1757462861067 132.13275793774534 497
1757462861090 128.67965058167857 498
1757462861111 124.63496830701985 499
