1757462918315 164.76043872802074 0
1757462918323 175.0275794753409 1
1757462918335 167.12066817263897 2
1757462918342 168.79145632052519 3
1757462918351 174.03037511667247 4
1757462918364 165.70952594805422 5
1757462918373 166.05381325310577 6
1757462918385 167.150516658686 7
1757462918396 169.2796564680758 8
1757462918404 168.41384144042922 9
1757462918421 179.25122409891532 10
1757462918428 165.92203961302573 11
1757462918437 164.7824017929126 12
1757462918450 169.77238837337592 13
1757462918470 169.84282198847322 14
1757462918480 164.25977149320664 15
1757462918488 165.26720203979278 16
1757462918501 164.59484303413706 17
1757462918511 166.58289524919064 18
1757462918522 166.24429649470443 19
1757462918538 168.37730119866 20
1757462918547 179.85923613349186 21
1757462918563 166.49034052945953 22
1757462918576 168.24087296336543 23
1757462918589 172.91563981995566 24
1757462918596 166.62550323121167 25
1757462918606 167.6900196043344 26
1757462918614 168.36728518222594 27
1757462918622 168.45484227462293 28
1757462918641 168.214355171593 29
1757462918657 180.46721468807587 30
1757462918665 162.10848316000406 31
1757462918681 168.88882093317983 32
1757462918689 168.3268729074715 33
1757462918698 172.0205726519759 34
1757462918707 165.68697358191594 35
1757462918716 165.8209689923699 36
1757462918727 169.96974206310875 37
1757462918735 167.824609074131 38
1757462918746 173.1731445938058 39
1757462918799 166.52351209969373 40
1757462918812 171.34402199923363 41
1757462918820 171.8651949014344 42
1757462918835 163.9551691915049 43
1757462918847 172.16103116705912 44
1757462918868 168.53009738571254 45
1757462918881 166.78615100834034 46
1757462918892 165.66573327616288 47
1757462918907 164.04025215640615 48
1757462918919 171.2626769897711 49
1757462918928 167.39690722963735 50
1757462918940 169.8428731732758 51
1757462918952 161.4566485356804 52
1757462918966 165.73189497697211 53
1757462918975 168.20826970833502 54
1757462918984 164.5210690185527 55
1757462918992 163.14728320059152 56
1757462919003 166.60977910883474 57
1757462919011 164.71388884511504 58
1757462919028 170.0054402515055 59
1757462919037 169.80241986062458 60
1757462919046 167.24624376039435 61
1757462919062 164.83394219077488 62
1757462919074 164.89946539431986 63
1757462919090 163.76868569183443 64
1757462919105 166.97705273607454 65
1757462919113 164.9815277703432 66
1757462919123 166.5589186908461 67
1757462919134 170.7794923832927 68
1757462919149 167.81436315642117 69
1757462919171 169.00810919087007 70
1757462919182 165.08331379852442 71
1757462919199 164.35292435996794 72
1757462919233 167.70085617243754 73
1757462919242 166.02203112968328 74
1757462919264 171.06599352186012 75
1757462919275 163.03054779549188 76
1757462919292 165.06013467754286 77
1757462919315 164.56135834783538 78
1757462919330 169.64785649650196 79
1757462919341 161.9138529077299 80
1757462919357 167.33162687895498 81
1757462919371 168.83496689494373 82
1757462919380 169.69586800726094 83
1757462919397 166.39744624666955 84
1757462919408 162.32009028875962 85
1757462919421 179.3970588249463 86
1757462919436 161.69391716307553 87
1757462919446 165.3632397117409 88
1757462919462 170.1693099823068 89
1757462919471 172.99554438007652 90
1757462919490 168.01792451179196 91
1757462919509 170.07360626641838 92
1757462919529 166.5253041023252 93
1757462919542 167.59140274427085 94
1757462919597 165.23532768845246 95
1757462919656 169.349585403816 96
1757462919672 174.91807278931702 97
1757462919805 168.68114900930425 98
1757462919822 165.75773864637367 99
1757462919838 175.86949254048278 100
1757462919853 160.92965345612524 101
1757462919875 170.55827637394742 102
1757462919887 168.42447730948538 103
1757462919898 162.82067842641814 104
1757462919909 172.90077234231615 105
1757462919928 163.4505778693144 106
1757462919942 167.11203127328602 107
1757462919973 165.86490815132274 108
1757462920004 168.35664007877534 109
1757462920027 168.38303315505618 110
1757462920037 164.200800772249 111
1757462920048 169.39899272950208 112
1757462920065 167.58766020673193 113
1757462920082 170.40452589147344 114
1757462920097 167.62286466740403 115
1757462920106 169.0216892412609 116
1757462920116 165.2129387077972 117
1757462920137 170.4040996677147 118
1757462920155 185.0561865665328 119
1757462920174 171.9044869452933 120
1757462920184 170.12896784370935 121
1757462920214 164.3225449959175 122
1757462920227 169.7469724237218 123
1757462920237 163.62686542588176 124
1757462920253 161.89479837071576 125
1757462920275 166.00720189973305 126
1757462920285 166.23784893996964 127
1757462920303 168.64283666621253 128
1757462920323 161.35324572863703 129
1757462920343 163.73065445710773 130
1757462920353 167.2571373266681 131
1757462920366 171.38289643203092 132
1757462920382 163.35139693493534 133
1757462920396 164.6681010643863 134
1757462920412 167.3590771211185 135
1757462920425 161.8302066456784 136
1757462920441 165.1112991851361 137
1757462920452 165.0491570733094 138
1757462920468 170.24599028812023 139
1757462920479 165.22924142155347 140
1757462920499 169.08168120400165 141
1757462920509 169.42614259049546 142
1757462920522 204.33522399531017 143
1757462920542 163.2569274800632 144
1757462920558 166.0282302430955 145
1757462920567 171.25244478072958 146
1757462920583 164.34125442645188 147
1757462920596 171.2554103346616 148
1757462920622 164.00559359107143 149
1757462920633 165.42318725426082 150
1757462920644 168.74517307219787 151
1757462920656 161.7215861521252 152
1757462920674 185.99143077978107 153
1757462920697 167.2402703688187 154
1757462920711 167.41065968136127 155
1757462920722 164.1613743612048 156
1757462920735 165.37607161734152 157
1757462920750 164.9508936134726 158
1757462920766 158.95089461837335 159
1757462920779 161.56986999506933 160
1757462920791 168.38048561906368 161
1757462920801 164.49593997508526 162
1757462920812 166.1143714766599 163
1757462920823 169.94681999366105 164
1757462920837 167.70718756433027 165
1757462920859 163.23265360276966 166
1757462920872 168.21994648564285 167
1757462920890 165.29391180432322 168
1757462920908 167.20817524859504 169
1757462920926 159.86484664246308 170
1757462920936 164.82524095326158 171
1757462920947 165.41869827257432 172
1757462920960 164.90370536844517 173
1757462920975 168.07998907765008 174
1757462920997 162.14025764012996 175
1757462921016 169.6711335299496 176
1757462921061 162.61952253660309 177
1757462921079 164.75817806668687 178
1757462921100 159.7874807255665 179
1757462921141 158.3234802580422 180
1757462921155 163.86606704637254 181
1757462921182 162.65139299733883 182
1757462921194 163.3121097432346 183
1757462921216 163.8534192850069 184
1757462921231 169.0948368199787 185
1757462921248 166.96669448413533 186
1757462921280 165.3219527875656 187
1757462921316 160.4989777665424 188
1757462921335 167.8166771390609 189
1757462921355 176.13425565683184 190
1757462921391 161.1628399107993 191
1757462921690 168.48037746064745 192
1757462921739 171.42948799108217 193
1757462921773 164.84343639294275 194
1757462921827 168.336434635173 195
1757462921942 168.3556059139528 196
1757462922063 165.84989766430238 197
1757462922131 165.4765364051422 198
1757462922147 167.19170197466065 199
1757462922162 161.81628234099912 200
1757462922178 165.28342820176834 201
1757462922197 167.29180900981294 202
1757462922214 167.76060487992734 203
1757462922239 167.85356437469574 204
1757462922253 176.11093724984653 205
1757462922269 164.5024255553982 206
1757462922288 167.97052228318213 207
1757462922303 164.64007301527204 208
1757462922327 170.7609719380896 209
1757462922339 165.19735544219787 210
1757462922361 162.09171030767658 211
1757462922382 169.2149303350298 212
1757462922401 161.20357742499633 213
1757462922430 196.9196035872196 214
1757462922444 162.67545814007718 215
1757462922462 167.42580291313757 216
1757462922474 163.41782865355793 217
1757462922494 167.57931137175686 218
1757462922506 170.26221333766216 219
1757462922538 165.2945886380108 220
1757462922554 167.6251547650087 221
1757462922581 164.86604622150847 222
1757462922600 166.95698100606285 223
1757462922622 164.74264554058226 224
1757462922638 169.72753149930725 225
1757462922670 165.70164107301835 226
1757462922693 163.2853308009448 227
1757462922712 170.1072368754888 228
1757462922734 165.6334525065387 229
1757462922772 166.27314505049281 230
1757462922789 160.52247041988971 231
1757462922824 167.3432163704552 232
1757462922837 166.8803218375025 233
1757462922863 158.95214293497045 234
1757462922877 166.39805597262233 235
1757462922890 164.15612186795755 236
1757462922914 167.34241217622616 237
1757462922932 166.56381769330193 238
1757462922950 164.86150023839218 239
1757462922963 171.0499630059375 240
1757462922977 159.74459136125103 241
1757462922999 163.62281712585647 242
1757462923015 168.07126547722345 243
1757462923060 161.22295508084147 244
1757462923081 167.31076757645238 245
1757462923098 158.9748739501906 246
1757462923117 163.82326075326256 247
1757462923135 160.348282635207 248
1757462923159 161.06189867252016 249
1757462923195 163.9721152218338 250
1757462923210 164.82900366722043 251
1757462923240 164.37312705908687 252
1757462923262 164.54081581912345 253
1757462923311 161.01307523375272 254
1757462923325 167.85959154909426 255
1757462923341 162.5458355728752 256
1757462923356 179.52296906794928 257
1757462923377 167.4634670397616 258
1757462923422 168.69479995604092 259
1757462923447 165.24516566260772 260
1757462923465 167.60831321740324 261
1757462923481 170.44746377943278 262
1757462923500 164.97989097016074 263
1757462923516 167.39910537929683 264
1757462923541 194.6713289155319 265
1757462923560 165.43078069902344 266
1757462923585 163.49995307070634 267
1757462923608 168.47208932945028 268
1757462923624 166.61762322785145 269
1757462923645 161.77713310705286 270
1757462923674 162.78217631426918 271
1757462923695 164.52617722925066 272
1757462923713 164.81441999656175 273
1757462923733 170.59854647835286 274
1757462923750 164.45511621384435 275
1757462923768 163.1926100485387 276
1757462923791 161.06724178556888 277
1757462923806 166.95267493957704 278
1757462923829 165.35501241833805 279
1757462923848 167.64707388559225 280
1757462923866 165.89766863911228 281
1757462923890 168.43503630791608 282
1757462923911 175.70194882003554 283
1757462923935 166.885516639267 284
1757462923952 163.11510015897636 285
1757462923968 160.8636276601843 286
1757462923985 162.29047160975415 287
1757462923999 162.58711174082475 288
1757462924019 198.03330053377954 289
1757462924035 162.50036087537404 290
1757462924059 166.385942608606 291
1757462924078 162.2514846299934 292
1757462924103 169.21512859308842 293
1757462924122 162.89939872620823 294
1757462924141 157.0109341552078 295
1757462924155 162.82930682871552 296
1757462924186 160.16587733326344 297
1757462924202 166.3094377269552 298
1757462924222 166.00286421621226 299
1757462924253 161.11273541308702 300
1757462924276 169.07066446395925 301
1757462924297 165.3371179932725 302
1757462924318 165.74154162678605 303
1757462924338 169.01140660637589 304
1757462924352 172.56855180165286 305
1757462924382 163.26423501616864 306
1757462924405 160.88530464622792 307
1757462924428 166.4686652600679 308
1757462924448 170.35625814561988 309
1757462924472 160.57095454380217 310
1757462924487 158.4033077735164 311
1757462924504 161.15995129741086 312
1757462924526 162.9945065302922 313
1757462924547 162.9570152063236 314
1757462924569 162.36759554727053 315
1757462924591 159.4279517660028 316
1757462924609 167.26685081935398 317
1757462924631 164.3704673977818 318
1757462924646 158.58574209729318 319
1757462924664 166.78306153888857 320
1757462924680 158.14656526641363 321
1757462924703 163.72299653930057 322
1757462924730 163.57293395776168 323
1757462924751 164.30404301214455 324
1757462924770 168.64175513704419 325
1757462924797 159.61293679858204 326
1757462924829 166.73938044986147 327
1757462924844 158.7744572661303 328
1757462924872 162.99096983405133 329
1757462924900 164.2369206012068 330
1757462924921 164.08847731448859 331
1757462924936 163.32908655218054 332
1757462924949 167.2529356056641 333
1757462924966 164.5753785126028 334
1757462924981 167.18844075369483 335
1757462924999 157.2621321726512 336
1757462925024 162.78264828952527 337
1757462925047 167.41501258185505 338
1757462925066 165.76885688990913 339
1757462925107 163.81406138451334 340
1757462925129 165.36068367860406 341
1757462925226 173.73919530696006 342
1757462925260 169.32118643872758 343
1757462925285 163.50393107664516 344
1757462925317 166.6114247698897 345
1757462925336 167.41765450043093 346
1757462925370 164.76077940272646 347
1757462925403 162.3596332415677 348
1757462925430 163.70135995323355 349
1757462925457 168.18276306390393 350
1757462925491 159.43779246939113 351
1757462925509 162.58190572571147 352
1757462925534 159.1291380353526 353
1757462925570 167.95753240786325 354
1757462925602 160.36958637001294 355
1757462925623 169.04903511323636 356
1757462925654 194.56290257044833 357
1757462925680 159.50282257029795 358
1757462925702 166.69903523668444 359
1757462925751 160.68932267734897 360
1757462925769 168.79624136578974 361
1757462925785 166.3724003905579 362
1757462925802 163.73196330304444 363
1757462925823 163.35472155645658 364
1757462925846 163.81262818757511 365
1757462925896 162.12346258839383 366
1757462925953 162.52126191527995 367
1757462926034 163.24037545659468 368
1757462926053 161.9308949197739 369
1757462926074 164.22343483033467 370
1757462926092 161.0865050379277 371
1757462926108 163.66894352190286 372
1757462926136 166.02633406249348 373
1757462926158 156.76379890881213 374
1757462926173 160.40930581675636 375
1757462926190 164.6008888634377 376
1757462926206 160.9126819323485 377
1757462926222 161.82410985353556 378
1757462926242 162.94424780083818 379
1757462926265 176.02855259333427 380
1757462926284 160.84901810982862 381
1757462926302 160.8008871908679 382
1757462926334 163.25990302345178 383
1757462926360 155.16656497723682 384
1757462926381 165.2970923311156 385
1757462926397 167.77035553359138 386
1757462926413 166.2681009585583 387
1757462926429 163.96241358086678 388
1757462926445 165.10471040428985 389
1757462926462 164.81722674241894 390
1757462926483 160.73101894300413 391
1757462926503 156.98338806267793 392
1757462926531 156.62426955051663 393
1757462926550 160.55325625679018 394
1757462926573 162.20175682832917 395
1757462926594 166.76970983428956 396
1757462926620 159.01792419193757 397
1757462926654 162.12009080981403 398
1757462926675 162.6178809381398 399
1757462926700 166.59872050568072 400
1757462926722 161.70288171948346 401
1757462926743 170.73862135057811 402
1757462926766 162.61999464879187 403
1757462926790 161.83573851191034 404
1757462926812 165.9298458624878 405
1757462926832 172.28328845104988 406
1757462926848 159.36704468022072 407
1757462926865 159.52849924057023 408
1757462926894 163.25223500774425 409
1757462926934 160.64346415053416 410
1757462926954 169.2475682299405 411
1757462926984 164.77735778456113 412
1757462927005 192.66296058660168 413
1757462927037 158.80254863177345 414
1757462927057 164.27954342367616 415
1757462927095 166.7146429293428 416
1757462927126 169.48144704262043 417
1757462927141 162.3620215186076 418
1757462927174 164.26784574256894 419
1757462927196 164.8058268674712 420
1757462927224 187.92360124244536 421
1757462927244 164.76500320808847 422
1757462927269 153.97033106480706 423
1757462927291 160.27217434613345 424
1757462927315 161.8456443585977 425
1757462927337 159.97230506829578 426
1757462927353 165.35945741243384 427
1757462927375 163.69409273963808 428
1757462927401 161.40035365965872 429
1757462927427 160.16630535536376 430
1757462927466 163.5947238854391 431
1757462927498 165.647280719977 432
1757462927524 164.33903020121448 433
1757462927552 160.80009885074395 434
1757462927568 162.5623995055048 435
1757462927590 161.94571387167255 436
1757462927611 161.65540127345207 437
1757462927643 167.93250883068643 438
1757462927660 161.15204485674022 439
1757462927682 166.16854147922078 440
1757462927707 162.78971190946027 441
1757462927724 163.33525836871223 442
1757462927744 158.67201834651536 443
1757462927769 157.52993898244176 444
1757462927793 164.7555281833243 445
1757462927828 166.85766292269295 446
1757462927863 163.95968389254813 447
1757462927884 165.85708360870026 448
1757462927910 165.39703568743374 449
1757462927933 175.56423065015275 450
1757462927958 163.86993265098158 451
1757462927981 163.08955277562143 452
1757462928004 165.47436942552818 453
1757462928020 164.89949225269254 454
1757462928045 163.15966867040618 455
1757462928066 159.54137410142658 456
1757462928095 162.0001937789341 457
1757462928136 167.29405160851613 458
1757462928168 160.57651926496402 459
1757462928191 161.65967413099565 460
1757462928213 159.38419605493888 461
1757462928231 158.74678648629524 462
1757462928255 164.1083433618522 463
1757462928283 166.43223683916185 464
1757462928305 163.1808386644758 465
1757462928329 163.22696449691898 466
1757462928364 161.607718143106 467
1757462928391 160.11704119406429 468
1757462928417 159.9188281056255 469
1757462928443 164.85029702416102 470
1757462928460 166.65382532363992 471
1757462928493 163.72619857909535 472
1757462928520 160.55268541004676 473
1757462928538 159.94279365046188 474
1757462928562 162.17352592082085 475
1757462928590 163.2011619977563 476
1757462928616 162.0838074527647 477
1757462928635 159.73582475567946 478
1757462928651 160.0744173795742 479
1757462928673 164.6372010121013 480
1757462928701 161.6965073173368 481
1757462928718 156.97687922922694 482
1757462928740 161.2740803617019 483
1757462928771 161.28492716363428 484
1757462928791 157.13898207439559 485
1757462928830 156.38126774862872 486
1757462928847 164.29481111192638 487
1757462928878 159.62954469788488 488
1757462928910 160.1117229294202 489
1757462928940 162.9009908827898 490
1757462928957 157.2607781824504 491
1757462928982 163.36299574567175 492
1757462929098 167.05059888671232 493
1757462929129 158.39697116186738 494
1757462929197 160.89364140883805 495
1757462929225 163.562126100932 496
1757462929247 162.37890175335679 497
1757462929270 163.188129070853 498
1757462929295 160.9194706553942 499
