1757462638383 147.32484534684502 0
1757462638425 159.80456275584348 1
1757462638474 146.57971813628927 2
1757462638521 118.09935321096147 3
1757462638575 1624.264296797952 4
1757462638622 18636.129220021296 5
1757462638662 1139.8261652309745 6
1757462638699 9011173.510014435 7
1757462638754 344141671.00586563 8
1757462638810 3620447544.163272 9
1757462638874 48001769351.544266 10
1757462638931 17628046581805.703 11
1757462638992 14171643306592.63 12
1757462639037 7679291637465231.0 13
1757462639100 2.221458534803875e+17 14
1757462639148 3.15473183112634e+18 15
1757462639198 6.1448116711974216e+19 16
1757462639256 2.0132230720442807e+22 17
1757462639311 2.5397376845417053e+23 18
1757462639357 2.6787500941250135e+24 19
1757462639402 6.26040951587453e+24 20
1757462639449 9.488319074022015e+26 21
1757462639502 8.070290825504133e+28 22
1757462639569 1.5593945531416892e+30 23
1757462639639 1.3966099414878202e+32 24
1757462639698 8.183697363372144e+32 25
1757462639750 1.638459694444037e+32 26
1757462639811 1.6037542752569396e+36 27
1757462639860 1.6501323768574884e+38 28
1757462639917 4.278157424332258e+38 29
1757462639965 6.232808146198882e+40 30
1757462640023 3.586436170341331e+41 31
1757462640074 3.163991476074843e+41 32
1757462640126 1.8286057175013316e+45 33
1757462640183 2.3890405033122247e+46 34
1757462640233 5.299426586589807e+47 35
1757462640285 1.916710375859603e+49 36
1757462640347 5.147076890576494e+50 37
1757462640446 3.6560773648597047e+52 38
1757462640490 8.441078109441823e+53 39
1757462640540 2.3459777530420537e+54 40
1757462640596 5.644254593112853e+56 41
1757462640641 4.1375855201134306e+57 42
1757462640706 6.597087616247879e+59 43
1757462640754 2.443374781589543e+60 44
1757462640812 4.099278498256761e+62 45
1757462640870 1.7356093333025855e+63 46
1757462640915 1.2774904164026008e+65 47
1757462640955 2.791902411352093e+66 48
1757462641001 1.9142809190704738e+68 49
1757462641056 7.758370427670087e+69 50
1757462641102 1.4463204508470282e+71 51
1757462641160 1.4098318537329768e+70 52
1757462641229 7.78055678551518e+73 53
1757462641353 4.790503527977432e+75 54
1757462641398 9.06086479386823e+75 55
1757462641455 9.991353395367586e+76 56
1757462641519 1.5145653394735938e+80 57
1757462641579 1.3479249543749703e+81 58
1757462641630 2.0593105141518295e+83 59
1757462641703 1.7839768644625678e+84 60
1757462641765 6.714135713264143e+85 61
1757462641818 9.409431026220588e+85 62
1757462641865 6.493796546170724e+88 63
1757462641908 9.326018354986665e+89 64
1757462641966 2.5456562715916447e+91 65
1757462642014 3.418457494599575e+93 66
1757462642067 2.8275935720099842e+94 67
1757462642124 1.5645546074623303e+96 68
1757462642170 1.0152959087288132e+98 69
1757462642223 4.523925459311857e+98 70
1757462642271 2.589651817460743e+100 71
1757462642338 4.728131202215921e+101 72
1757462642380 1.0636087639478036e+101 73
1757462642438 1.29502833061464e+106 74
1757462642503 5.784458013872295e+105 75
1757462642558 4.4609793341063135e+107 76
1757462642637 2.598301919486782e+109 77
1757462642718 2.2184960024172442e+110 78
1757462642766 2.3843478840175564e+112 79
1757462642817 1.2507524439517437e+114 80
1757462642865 1.395051677205073e+115 81
1757462642908 7.27467332002357e+116 82
1757462642966 3.3607006810275395e+117 83
1757462643022 7.527995688059918e+118 84
1757462643072 1.1414017310595447e+121 85
1757462643125 1.1870897041948803e+120 86
1757462643174 4.9624418494740805e+123 87
1757462643231 5.16923532514313e+125 88
1757462643278 1.6581473342656926e+126 89
1757462643316 1.2446870530119004e+128 90
1757462643370 3.6963836142264424e+129 91
1757462643428 3.9937339870338653e+130 92
1757462643470 9.9012969489592e+131 93
1757462643508 8.684591245610075e+132 94
1757462643550 3.531481067469402e+135 95
1757462643605 1.7271619852000978e+137 96
1757462643649 1.5569380125618965e+138 97
1757462643687 6.12250645701799e+139 98
1757462643736 1.6576682606564047e+141 99
1757462643788 5.594065147828618e+143 100
1757462643852 4.629192785540448e+143 101
1757462643912 2.3263124774079495e+144 102
1757462643957 5.643273604621623e+145 103
1757462644007 3.5186937281943964e+148 104
1757462644053 7.97070961505352e+150 105
1757462644112 4.3583739439980913e+151 106
1757462644174 2.1051270966021437e+152 107
1757462644214 1.1137490603486327e+154 108
1757462644260 4.109216233383827e+156 109
1757462644309 3.467343225628479e+157 110
1757462644354 1.0476227536505503e+158 111
1757462644405 4.684987816860946e+161 112
1757462644463 3.8417350122732157e+161 113
1757462644512 2.0308798378326158e+164 114
1757462644570 6.746787934681313e+163 115
1757462644652 7.003063331104396e+164 116
1757462644711 1.1811392348225077e+169 117
1757462644762 2.5326889086690347e+167 118
1757462644819 2.173015506154229e+170 119
1757462644869 1.274801385002952e+171 120
1757462644921 3.488393163909804e+172 121
1757462644973 5.224590938475937e+172 122
1757462645032 6.068359218985793e+176 123
1757462645090 6.6196348949984415e+177 124
1757462645153 3.368733654175283e+179 125
1757462645207 4.210128065869586e+180 126
1757462645258 2.187206046991397e+181 127
1757462645317 6.939126822780423e+181 128
1757462645367 5.828439894055949e+186 129
1757462645410 2.8471308195092157e+187 130
1757462645449 1.2297897467071785e+188 131
1757462645500 3.0123646319747757e+189 132
1757462645556 1.4864275239849646e+192 133
1757462645613 2.21117842275235e+192 134
1757462645672 1.3418020827603922e+194 135
1757462645722 2.680817920980732e+194 136
1757462645780 9.300662799483984e+194 137
1757462645829 1.446261054357091e+198 138
1757462645883 2.7143925568264243e+199 139
1757462645953 1.24321686864768e+201 140
1757462646006 3.8522353216633604e+202 141
1757462646066 1.0993426338522014e+204 142
1757462646112 1.030133055317604e+205 143
1757462646165 2.012674028754907e+206 144
1757462646214 5.215211026906818e+207 145
1757462646280 3.1539148646694606e+209 146
1757462646331 3.714486633583956e+210 147
1757462646395 6.1289115363449505e+212 148
1757462646446 8.482603426193956e+213 149
1757462646514 3.688463244647525e+215 150
1757462646567 3.5168040685751835e+217 151
1757462646659 2.2724804814020867e+218 152
1757462646733 4.168765884319893e+219 153
1757462646797 2.677383987870261e+221 154
1757462646871 7.618381208531152e+223 155
1757462646930 2.5843869322747714e+224 156
1757462647012 2.0084551909964683e+224 157
1757462647089 5.340974289567038e+227 158
1757462647139 2.5960628587872234e+229 159
1757462647211 3.875583200677211e+227 160
1757462647271 9.147298868503489e+231 161
1757462647346 3.8493628601362427e+232 162
1757462647400 3.184150670455552e+234 163
1757462647444 9.899168598979948e+235 164
1757462647511 2.2571285927251373e+237 165
1757462647591 2.1789297945132956e+238 166
1757462647677 1.6427179978766472e+240 167
1757462647786 5.429021034656505e+241 168
1757462647844 8.122299562001377e+243 169
1757462647900 9.704376838071742e+244 170
1757462647950 3.1054671977963974e+246 171
1757462647995 5.005206729202426e+247 172
1757462648057 2.9632899480577338e+249 173
1757462648139 7.965217995605702e+250 174
1757462648210 5.065133770976638e+252 175
1757462648262 1.930424729717236e+254 176
1757462648307 6.920388537429465e+254 177
1757462648371 5.534539319792736e+254 178
1757462648435 5.1529770686522345e+256 179
1757462648497 4.922846472964727e+259 180
1757462648546 1.7672789147819892e+261 181
1757462648611 2.9979588493265053e+262 182
1757462648660 5.335334572299152e+263 183
1757462648708 4.750374250156508e+265 184
1757462648757 3.195449212406008e+266 185
1757462648810 9.98274971972967e+267 186
1757462648862 1.3569682080638467e+269 187
1757462648903 2.5179934835725983e+271 188
1757462648943 5.379313496031823e+273 189
1757462648991 1.355414918376644e+274 190
1757462649040 5.70004834128117e+275 191
1757462649088 2.9069705066649114e+276 192
1757462649153 1.50167552521901e+278 193
1757462649211 1.7013434266288764e+280 194
1757462649254 3.899629225954659e+281 195
1757462649331 5.307772896544891e+282 196
1757462649388 2.871516518950676e+284 197
1757462649440 2.327547864241445e+286 198
1757462649496 1.0270837430516553e+288 199
1757462649546 8.586748143961613e+291 200
1757462649611 4.504157726075244e+289 201
1757462649659 5.1686027158008494e+290 202
1757462649720 4.463506400508939e+292 203
1757462649771 8.989087733942651e+294 204
1757462649832 2.35529320240507e+296 205
1757462649888 1.187749516037744e+297 206
1757462649941 1.116987256569974e+299 207
1757462650007 1.3972661468822934e+301 208
1757462650068 8.235492134611102e+302 209
1757462650117 2.163842436587273e+303 210
1757462650175 6.667567789628596e+304 211
1757462650231 2.5032101962378016e+306 212
