1757462943463 9.71580192706244e+219 0
1757462943539 inf 1
1757462943611 nan 2
1757462943678 nan 3
1757462943749 nan 4
1757462943835 nan 5
1757462943902 nan 6
1757462943962 nan 7
1757462944024 nan 8
1757462944096 nan 9
1757462944173 nan 10
1757462944259 nan 11
1757462944396 nan 12
1757462944491 nan 13
1757462944559 nan 14
1757462944638 nan 15
1757462944715 nan 16
1757462944780 nan 17
1757462944862 nan 18
1757462944927 nan 19
1757462945007 nan 20
1757462945074 nan 21
1757462945157 nan 22
1757462945221 nan 23
1757462945284 nan 24
1757462945347 nan 25
1757462945413 nan 26
1757462945488 nan 27
1757462945571 nan 28
1757462945640 nan 29
1757462945711 nan 30
1757462945794 nan 31
1757462945866 nan 32
1757462945941 nan 33
1757462945998 nan 34
1757462946064 nan 35
1757462946129 nan 36
1757462946185 nan 37
1757462946243 nan 38
1757462946301 nan 39
1757462946359 nan 40
1757462946420 nan 41
1757462946489 nan 42
1757462946561 nan 43
1757462946630 nan 44
1757462946717 nan 45
1757462946800 nan 46
1757462946877 nan 47
1757462946952 nan 48
1757462947025 nan 49
1757462947079 nan 50
1757462947143 nan 51
1757462947209 nan 52
1757462947276 nan 53
1757462947359 nan 54
1757462947454 nan 55
1757462947581 nan 56
1757462947667 nan 57
1757462947725 nan 58
1757462947781 nan 59
1757462947857 nan 60
1757462947945 nan 61
1757462948045 nan 62
1757462948116 nan 63
1757462948205 nan 64
1757462948301 nan 65
1757462948381 nan 66
1757462948451 nan 67
1757462948525 nan 68
1757462948605 nan 69
1757462948673 nan 70
1757462948749 nan 71
1757462948825 nan 72
1757462948898 nan 73
1757462948971 nan 74
1757462949037 nan 75
1757462949118 nan 76
1757462949220 nan 77
1757462949289 nan 78
1757462949367 nan 79
1757462949430 nan 80
1757462949496 nan 81
1757462949561 nan 82
1757462949627 nan 83
1757462949699 nan 84
1757462949766 nan 85
1757462949827 nan 86
1757462949890 nan 87
1757462949959 nan 88
1757462950039 nan 89
1757462950117 nan 90
1757462950194 nan 91
1757462950254 nan 92
1757462950323 nan 93
1757462950395 nan 94
1757462950455 nan 95
1757462950528 nan 96
1757462950624 nan 97
1757462950688 nan 98
1757462950764 nan 99
1757462950840 nan 100
1757462950917 nan 101
1757462950987 nan 102
1757462951057 nan 103
1757462951123 nan 104
1757462951185 nan 105
1757462951252 nan 106
1757462951318 nan 107
1757462951396 nan 108
1757462951447 nan 109
1757462951505 nan 110
1757462951573 nan 111
1757462951634 nan 112
1757462951695 nan 113
1757462951777 nan 114
1757462951850 nan 115
1757462951926 nan 116
1757462951988 nan 117
1757462952056 nan 118
1757462952125 nan 119
1757462952199 nan 120
1757462952262 nan 121
1757462952362 nan 122
1757462952437 nan 123
1757462952517 nan 124
1757462952599 nan 125
1757462952671 nan 126
1757462952748 nan 127
1757462952820 nan 128
1757462952905 nan 129
1757462952969 nan 130
1757462953024 nan 131
1757462953102 nan 132
1757462953178 nan 133
1757462953251 nan 134
1757462953318 nan 135
1757462953380 nan 136
1757462953450 nan 137
1757462953520 nan 138
1757462953588 nan 139
1757462953670 nan 140
1757462953739 nan 141
1757462953816 nan 142
1757462953887 nan 143
1757462953974 nan 144
1757462954161 nan 145
1757462954231 nan 146
1757462954301 nan 147
1757462954372 nan 148
1757462954441 nan 149
1757462954516 nan 150
1757462954594 nan 151
1757462954661 nan 152
1757462954736 nan 153
1757462954805 nan 154
1757462954876 nan 155
1757462954979 nan 156
1757462955062 nan 157
1757462955137 nan 158
1757462955205 nan 159
1757462955276 nan 160
1757462955357 nan 161
1757462955427 nan 162
1757462955515 nan 163
1757462955583 nan 164
1757462955648 nan 165
1757462955714 nan 166
1757462955803 nan 167
1757462955907 nan 168
1757462956012 nan 169
1757462956081 nan 170
1757462956176 nan 171
1757462956266 nan 172
1757462956366 nan 173
1757462956446 nan 174
1757462956529 nan 175
1757462956598 nan 176
1757462956676 nan 177
1757462956747 nan 178
1757462956827 nan 179
1757462956896 nan 180
1757462956975 nan 181
1757462957033 nan 182
1757462957088 nan 183
1757462957151 nan 184
1757462957234 nan 185
1757462957312 nan 186
1757462957393 nan 187
1757462957469 nan 188
1757462957547 nan 189
1757462957619 nan 190
1757462957691 nan 191
1757462957762 nan 192
1757462957830 nan 193
1757462957903 nan 194
1757462957982 nan 195
1757462958082 nan 196
1757462958171 nan 197
1757462958243 nan 198
1757462958316 nan 199
1757462958384 nan 200
1757462958465 nan 201
1757462958541 nan 202
1757462958605 nan 203
1757462958679 nan 204
1757462958752 nan 205
1757462958838 nan 206
1757462958915 nan 207
1757462958994 nan 208
1757462959056 nan 209
1757462959132 nan 210
1757462959205 nan 211
1757462959278 nan 212
1757462959345 nan 213
1757462959425 nan 214
1757462959488 nan 215
1757462959562 nan 216
1757462959646 nan 217
1757462959712 nan 218
1757462959786 nan 219
1757462959869 nan 220
1757462959938 nan 221
1757462960045 nan 222
1757462960125 nan 223
1757462960192 nan 224
1757462960269 nan 225
1757462960356 nan 226
1757462960425 nan 227
1757462960502 nan 228
1757462960580 nan 229
1757462960670 nan 230
1757462960755 nan 231
1757462960830 nan 232
1757462960906 nan 233
1757462960987 nan 234
1757462961086 nan 235
1757462961150 nan 236
1757462961249 nan 237
1757462961323 nan 238
1757462961380 nan 239
1757462961442 nan 240
1757462961514 nan 241
1757462961583 nan 242
1757462961670 nan 243
1757462961750 nan 244
1757462961827 nan 245
1757462961905 nan 246
1757462961992 nan 247
1757462962062 nan 248
1757462962127 nan 249
1757462962203 nan 250
1757462962275 nan 251
1757462962362 nan 252
1757462962449 nan 253
1757462962541 nan 254
1757462962655 nan 255
1757462962758 nan 256
1757462962853 nan 257
1757462962964 nan 258
1757462963041 nan 259
1757462963117 nan 260
1757462963218 nan 261
1757462963296 nan 262
1757462963372 nan 263
1757462963458 nan 264
1757462963544 nan 265
1757462963629 nan 266
1757462963723 nan 267
1757462963805 nan 268
1757462963904 nan 269
1757462963975 nan 270
1757462964047 nan 271
1757462964123 nan 272
1757462964205 nan 273
1757462964296 nan 274
1757462964398 nan 275
1757462964488 nan 276
1757462964599 nan 277
1757462964691 nan 278
1757462964782 nan 279
1757462964858 nan 280
1757462964970 nan 281
1757462965074 nan 282
1757462965147 nan 283
1757462965228 nan 284
1757462965325 nan 285
1757462965405 nan 286
1757462965521 nan 287
1757462965621 nan 288
1757462965703 nan 289
1757462965803 nan 290
1757462965926 nan 291
1757462966001 nan 292
1757462966097 nan 293
1757462966170 nan 294
1757462966246 nan 295
1757462966317 nan 296
1757462966410 nan 297
1757462966492 nan 298
1757462966565 nan 299
1757462966629 nan 300
1757462966702 nan 301
1757462966797 nan 302
1757462966875 nan 303
1757462966951 nan 304
1757462967033 nan 305
1757462967136 nan 306
1757462967223 nan 307
1757462967296 nan 308
1757462967369 nan 309
1757462967450 nan 310
1757462967534 nan 311
1757462967638 nan 312
1757462967724 nan 313
1757462967798 nan 314
1757462967867 nan 315
1757462967946 nan 316
1757462968020 nan 317
1757462968108 nan 318
1757462968187 nan 319
1757462968298 nan 320
1757462968393 nan 321
1757462968552 nan 322
1757462968655 nan 323
1757462968742 nan 324
1757462968840 nan 325
1757462968927 nan 326
1757462969013 nan 327
1757462969112 nan 328
1757462969198 nan 329
1757462969295 nan 330
1757462969409 nan 331
1757462969549 nan 332
1757462969633 nan 333
1757462969724 nan 334
1757462969847 nan 335
1757462969932 nan 336
1757462970004 nan 337
1757462970093 nan 338
1757462970199 nan 339
1757462970279 nan 340
1757462970373 nan 341
1757462970475 nan 342
1757462970542 nan 343
1757462970640 nan 344
1757462970727 nan 345
1757462970829 nan 346
1757462970917 nan 347
1757462971061 nan 348
1757462971139 nan 349
1757462971211 nan 350
1757462971304 nan 351
1757462971392 nan 352
1757462971459 nan 353
1757462971544 nan 354
1757462971631 nan 355
1757462971702 nan 356
1757462971781 nan 357
1757462971873 nan 358
1757462971951 nan 359
1757462972046 nan 360
1757462972116 nan 361
1757462972198 nan 362
1757462972288 nan 363
1757462972358 nan 364
1757462972438 nan 365
1757462972507 nan 366
1757462972628 nan 367
1757462972716 nan 368
1757462972801 nan 369
1757462972878 nan 370
1757462972955 nan 371
1757462973037 nan 372
1757462973098 nan 373
1757462973161 nan 374
1757462973230 nan 375
1757462973314 nan 376
1757462973381 nan 377
1757462973470 nan 378
1757462973540 nan 379
1757462973601 nan 380
1757462973682 nan 381
1757462973769 nan 382
1757462973876 nan 383
1757462973947 nan 384
1757462974030 nan 385
1757462974107 nan 386
1757462974180 nan 387
1757462974241 nan 388
1757462974328 nan 389
1757462974413 nan 390
1757462974496 nan 391
1757462974603 nan 392
1757462974694 nan 393
1757462974797 nan 394
1757462974889 nan 395
1757462974979 nan 396
1757462975082 nan 397
1757462975141 nan 398
1757462975211 nan 399
1757462975281 nan 400
1757462975352 nan 401
1757462975427 nan 402
1757462975526 nan 403
1757462975601 nan 404
1757462975675 nan 405
1757462975758 nan 406
1757462975831 nan 407
1757462975915 nan 408
1757462975988 nan 409
1757462976066 nan 410
1757462976143 nan 411
1757462976239 nan 412
1757462976319 nan 413
1757462976385 nan 414
1757462976443 nan 415
1757462976510 nan 416
1757462976581 nan 417
1757462976667 nan 418
1757462976738 nan 419
1757462976827 nan 420
1757462976899 nan 421
1757462977029 nan 422
1757462977112 nan 423
1757462977191 nan 424
1757462977273 nan 425
1757462977362 nan 426
1757462977450 nan 427
1757462977527 nan 428
1757462977609 nan 429
1757462977682 nan 430
1757462977757 nan 431
1757462977828 nan 432
1757462977907 nan 433
1757462977984 nan 434
1757462978062 nan 435
1757462978142 nan 436
1757462978220 nan 437
1757462978294 nan 438
1757462978371 nan 439
1757462978444 nan 440
1757462978518 nan 441
1757462978600 nan 442
1757462978673 nan 443
1757462978739 nan 444
1757462978793 nan 445
1757462978850 nan 446
1757462978910 nan 447
1757462978974 nan 448
1757462979035 nan 449
1757462979105 nan 450
1757462979195 nan 451
1757462979273 nan 452
1757462979340 nan 453
1757462979412 nan 454
1757462979490 nan 455
1757462979568 nan 456
1757462979627 nan 457
1757462979710 nan 458
1757462979783 nan 459
1757462979855 nan 460
1757462979938 nan 461
1757462979999 nan 462
1757462980065 nan 463
1757462980135 nan 464
1757462980200 nan 465
1757462980279 nan 466
1757462980361 nan 467
1757462980429 nan 468
1757462980505 nan 469
1757462980576 nan 470
1757462980646 nan 471
1757462980731 nan 472
1757462980810 nan 473
1757462980886 nan 474
1757462980969 nan 475
1757462981059 nan 476
1757462981134 nan 477
1757462981202 nan 478
1757462981275 nan 479
1757462981356 nan 480
1757462981433 nan 481
1757462981505 nan 482
1757462981569 nan 483
1757462981638 nan 484
1757462981714 nan 485
1757462981801 nan 486
1757462981875 nan 487
1757462981958 nan 488
1757462982027 nan 489
1757462982099 nan 490
1757462982190 nan 491
1757462982278 nan 492
1757462982359 nan 493
1757462982428 nan 494
1757462982500 nan 495
1757462982575 nan 496
1757462982657 nan 497
1757462982738 nan 498
1757462982808 nan 499
