1757462414215 60958995187.303925 0
1757462414262 2.50459279721362e+22 1
1757462414319 4.9931543510474206e+33 2
1757462414356 5.52580012389389e+45 3
1757462414413 1.9334351181143936e+56 4
1757462414456 6.723332845679483e+68 5
1757462414496 4.3804013171652716e+77 6
1757462414540 2.8066268382541763e+90 7
1757462414570 9.165118504070823e+100 8
1757462414610 3.989325890418649e+112 9
1757462414655 1.6134344607346391e+124 10
1757462414705 1.4452911155993057e+134 11
1757462414743 9.548587008313893e+147 12
1757462414784 9.389344463417306e+158 13
1757462414822 3.0405084704042377e+170 14
1757462414892 1.9465090172077143e+181 15
1757462414960 3.5595645594482367e+192 16
1757462414994 2.7168553176704675e+203 17
1757462415034 3.493893342932745e+215 18
1757462415075 5.681325924548682e+227 19
1757462415113 1.2713383222284185e+238 20
1757462415160 2.8088859834543608e+249 21
1757462415204 9.95603521397829e+260 22
1757462415234 5.637388673523595e+270 23
1757462415278 6.043496720194815e+283 24
1757462415316 4.6210926905691246e+294 25
1757462415353 2.683900195979928e+307 26
1757462415408 inf 27
