1757462315906 4316314.453883364 0
1757462315936 4.3587877875762284e+18 1
1757462315964 2.3800419603836613e+31 2
1757462315991 1.5297069881516654e+44 3
1757462316024 1.9911402739635726e+53 4
1757462316060 8.951082687359275e+65 5
1757462316097 6.838599856653193e+76 6
1757462316138 4.405590867210452e+88 7
1757462316181 2.072971022988743e+99 8
1757462316222 7.669266473893737e+110 9
1757462316259 4.157795366442629e+121 10
1757462316295 1.4977775223690666e+133 11
1757462316338 2.1264839328734178e+144 12
1757462316370 3.7671528288867024e+157 13
1757462316407 4.015002043107355e+168 14
1757462316443 7.15920366825843e+179 15
1757462316501 5.156711920683676e+190 16
1757462316535 3.9576196588116e+201 17
1757462316571 1.418429287519425e+214 18
1757462316618 2.996967414899112e+225 19
1757462316665 3.1439258822564818e+237 20
1757462316703 3.113444052649136e+246 21
1757462316744 6.953721823471041e+260 22
1757462316786 1.801373440790231e+267 23
1757462316817 5.673523998438629e+282 24
1757462316853 1.9212802045174463e+293 25
1757462316881 3.575230053389878e+304 26
1757462316917 inf 27
