1757463149949 1.0630808950292932e+200 0
1757463150076 inf 1
1757463150198 nan 2
1757463150307 nan 3
1757463150396 nan 4
1757463150475 nan 5
1757463150583 nan 6
1757463150673 nan 7
1757463150723 nan 8
1757463150789 nan 9
1757463150876 nan 10
1757463150950 nan 11
1757463151019 nan 12
1757463151098 nan 13
1757463151164 nan 14
1757463151256 nan 15
1757463151346 nan 16
1757463151408 nan 17
1757463151466 nan 18
1757463151516 nan 19
1757463151566 nan 20
1757463151651 nan 21
1757463151714 nan 22
1757463151794 nan 23
1757463151857 nan 24
1757463151909 nan 25
1757463151967 nan 26
1757463152086 nan 27
1757463152152 nan 28
1757463152222 nan 29
1757463152283 nan 30
1757463152353 nan 31
1757463152439 nan 32
1757463152535 nan 33
1757463152601 nan 34
1757463152672 nan 35
1757463152730 nan 36
1757463152799 nan 37
1757463152874 nan 38
1757463152935 nan 39
1757463153041 nan 40
1757463153159 nan 41
1757463153260 nan 42
1757463153338 nan 43
1757463153410 nan 44
1757463153474 nan 45
1757463153546 nan 46
1757463153615 nan 47
1757463153679 nan 48
1757463153746 nan 49
1757463153825 nan 50
1757463153894 nan 51
1757463154033 nan 52
1757463154129 nan 53
1757463154196 nan 54
1757463154261 nan 55
1757463154321 nan 56
1757463154417 nan 57
1757463154480 nan 58
1757463154553 nan 59
1757463154620 nan 60
1757463154683 nan 61
1757463154751 nan 62
1757463154812 nan 63
1757463154891 nan 64
1757463154976 nan 65
1757463155061 nan 66
1757463155131 nan 67
1757463155202 nan 68
1757463155272 nan 69
1757463155365 nan 70
1757463155507 nan 71
1757463155617 nan 72
1757463155700 nan 73
1757463155777 nan 74
1757463155915 nan 75
1757463155999 nan 76
1757463156059 nan 77
1757463156132 nan 78
1757463156213 nan 79
1757463156271 nan 80
1757463156333 nan 81
1757463156405 nan 82
1757463156474 nan 83
1757463156539 nan 84
1757463156605 nan 85
1757463156698 nan 86
1757463156829 nan 87
1757463156923 nan 88
1757463157013 nan 89
1757463157098 nan 90
1757463157174 nan 91
1757463157273 nan 92
1757463157338 nan 93
1757463157414 nan 94
1757463157490 nan 95
1757463157562 nan 96
1757463157627 nan 97
1757463157697 nan 98
1757463157768 nan 99
1757463157845 nan 100
1757463157913 nan 101
1757463157996 nan 102
1757463158055 nan 103
1757463158138 nan 104
1757463158204 nan 105
1757463158268 nan 106
1757463158333 nan 107
1757463158387 nan 108
1757463158446 nan 109
1757463158519 nan 110
1757463158587 nan 111
1757463158655 nan 112
1757463158722 nan 113
1757463158797 nan 114
1757463158879 nan 115
1757463158958 nan 116
1757463159027 nan 117
1757463159103 nan 118
1757463159195 nan 119
1757463159284 nan 120
1757463159350 nan 121
1757463159415 nan 122
1757463159490 nan 123
1757463159576 nan 124
1757463159648 nan 125
1757463159712 nan 126
1757463159780 nan 127
1757463160009 nan 128
1757463160118 nan 129
1757463160218 nan 130
1757463160335 nan 131
1757463160430 nan 132
1757463160503 nan 133
1757463160574 nan 134
1757463160645 nan 135
1757463160715 nan 136
1757463160783 nan 137
1757463160861 nan 138
1757463160949 nan 139
1757463161077 nan 140
1757463161146 nan 141
1757463161245 nan 142
1757463161330 nan 143
1757463161409 nan 144
1757463161476 nan 145
1757463161564 nan 146
1757463161627 nan 147
1757463161715 nan 148
1757463161785 nan 149
1757463161865 nan 150
1757463161932 nan 151
1757463161999 nan 152
1757463162074 nan 153
1757463162135 nan 154
1757463162203 nan 155
1757463162450 nan 156
1757463162546 nan 157
1757463162634 nan 158
1757463162721 nan 159
1757463162817 nan 160
1757463162892 nan 161
1757463162967 nan 162
1757463163041 nan 163
1757463163111 nan 164
1757463163185 nan 165
1757463163260 nan 166
1757463163328 nan 167
1757463163400 nan 168
1757463163546 nan 169
1757463163668 nan 170
1757463163767 nan 171
1757463163851 nan 172
1757463163964 nan 173
1757463164047 nan 174
1757463164118 nan 175
1757463164342 nan 176
1757463164492 nan 177
1757463164669 nan 178
1757463164987 nan 179
1757463165116 nan 180
1757463165245 nan 181
1757463165358 nan 182
1757463165427 nan 183
1757463165514 nan 184
1757463165601 nan 185
1757463165681 nan 186
1757463165745 nan 187
1757463165806 nan 188
1757463165878 nan 189
1757463165951 nan 190
1757463166038 nan 191
1757463166111 nan 192
1757463166184 nan 193
1757463166254 nan 194
1757463166330 nan 195
1757463166404 nan 196
1757463166475 nan 197
1757463166551 nan 198
1757463166607 nan 199
1757463166674 nan 200
1757463166749 nan 201
1757463166833 nan 202
1757463166922 nan 203
1757463166988 nan 204
1757463167062 nan 205
1757463167121 nan 206
1757463167205 nan 207
1757463167275 nan 208
1757463167346 nan 209
1757463167425 nan 210
1757463167491 nan 211
1757463167570 nan 212
1757463167652 nan 213
1757463167760 nan 214
1757463167927 nan 215
1757463168112 nan 216
1757463168210 nan 217
1757463168280 nan 218
1757463168363 nan 219
1757463168438 nan 220
1757463168512 nan 221
1757463168593 nan 222
1757463168664 nan 223
1757463168740 nan 224
1757463168808 nan 225
1757463168876 nan 226
1757463168945 nan 227
1757463169020 nan 228
1757463169077 nan 229
1757463169153 nan 230
1757463169229 nan 231
1757463169293 nan 232
1757463169384 nan 233
1757463169461 nan 234
1757463169555 nan 235
1757463169693 nan 236
1757463169785 nan 237
1757463169868 nan 238
1757463169979 nan 239
1757463170057 nan 240
1757463170143 nan 241
1757463170225 nan 242
1757463170403 nan 243
1757463170492 nan 244
1757463170578 nan 245
1757463170669 nan 246
1757463170753 nan 247
1757463170846 nan 248
1757463170924 nan 249
1757463170997 nan 250
1757463171063 nan 251
1757463171138 nan 252
1757463171282 nan 253
1757463171384 nan 254
1757463171480 nan 255
1757463171558 nan 256
1757463171644 nan 257
1757463171723 nan 258
1757463171800 nan 259
1757463171897 nan 260
1757463171963 nan 261
1757463172037 nan 262
1757463172112 nan 263
1757463172188 nan 264
1757463172252 nan 265
1757463172321 nan 266
1757463172403 nan 267
1757463172495 nan 268
1757463172563 nan 269
1757463172630 nan 270
1757463172695 nan 271
1757463172767 nan 272
1757463172831 nan 273
1757463172929 nan 274
1757463173002 nan 275
1757463173094 nan 276
1757463173167 nan 277
1757463173249 nan 278
1757463173327 nan 279
1757463173391 nan 280
1757463173469 nan 281
1757463173544 nan 282
1757463173630 nan 283
1757463173722 nan 284
1757463173783 nan 285
1757463173861 nan 286
1757463173946 nan 287
1757463174020 nan 288
1757463174089 nan 289
1757463174164 nan 290
1757463174234 nan 291
1757463174302 nan 292
1757463174380 nan 293
1757463174476 nan 294
1757463174555 nan 295
1757463174631 nan 296
1757463174716 nan 297
1757463174798 nan 298
1757463174884 nan 299
1757463174963 nan 300
1757463175054 nan 301
1757463175190 nan 302
1757463175257 nan 303
1757463175316 nan 304
1757463175379 nan 305
1757463175473 nan 306
1757463175558 nan 307
1757463175629 nan 308
1757463175727 nan 309
1757463175815 nan 310
1757463175905 nan 311
1757463175984 nan 312
1757463176065 nan 313
1757463176142 nan 314
1757463176221 nan 315
1757463176326 nan 316
1757463176404 nan 317
1757463176473 nan 318
1757463176547 nan 319
1757463176625 nan 320
1757463176732 nan 321
1757463176827 nan 322
1757463176888 nan 323
1757463176952 nan 324
1757463177023 nan 325
1757463177098 nan 326
1757463177174 nan 327
1757463177246 nan 328
1757463177334 nan 329
1757463177412 nan 330
1757463177499 nan 331
1757463177589 nan 332
1757463177678 nan 333
1757463177760 nan 334
1757463177854 nan 335
1757463177935 nan 336
1757463178015 nan 337
1757463178144 nan 338
1757463178220 nan 339
1757463178301 nan 340
1757463178579 nan 341
1757463178694 nan 342
1757463178872 nan 343
1757463178944 nan 344
1757463179018 nan 345
1757463179099 nan 346
1757463179163 nan 347
1757463179235 nan 348
1757463179310 nan 349
1757463179394 nan 350
1757463179478 nan 351
1757463179543 nan 352
1757463179632 nan 353
1757463179724 nan 354
1757463179791 nan 355
1757463179866 nan 356
1757463179953 nan 357
1757463180054 nan 358
1757463180151 nan 359
1757463180223 nan 360
1757463180294 nan 361
1757463180373 nan 362
1757463180474 nan 363
1757463180563 nan 364
1757463180651 nan 365
1757463180738 nan 366
1757463180837 nan 367
1757463180924 nan 368
1757463181011 nan 369
1757463181094 nan 370
1757463181186 nan 371
1757463181271 nan 372
1757463181365 nan 373
1757463181466 nan 374
1757463181552 nan 375
1757463181632 nan 376
1757463181727 nan 377
1757463181828 nan 378
1757463181906 nan 379
1757463181973 nan 380
1757463182052 nan 381
1757463182145 nan 382
1757463182238 nan 383
1757463182334 nan 384
1757463182449 nan 385
1757463182537 nan 386
1757463182625 nan 387
1757463182719 nan 388
1757463182803 nan 389
1757463182899 nan 390
1757463183005 nan 391
1757463183097 nan 392
1757463183182 nan 393
1757463183262 nan 394
1757463183339 nan 395
1757463183437 nan 396
1757463183553 nan 397
1757463183646 nan 398
1757463183724 nan 399
1757463183811 nan 400
1757463183884 nan 401
1757463183984 nan 402
1757463184106 nan 403
1757463184192 nan 404
1757463184273 nan 405
1757463184375 nan 406
1757463184504 nan 407
1757463184570 nan 408
1757463184645 nan 409
1757463184731 nan 410
1757463184810 nan 411
1757463184902 nan 412
1757463184997 nan 413
1757463185076 nan 414
1757463185148 nan 415
1757463185237 nan 416
1757463185314 nan 417
1757463185395 nan 418
1757463185484 nan 419
1757463185596 nan 420
1757463185681 nan 421
1757463185760 nan 422
1757463185867 nan 423
1757463185995 nan 424
1757463186084 nan 425
1757463186183 nan 426
1757463186264 nan 427
1757463186358 nan 428
1757463186442 nan 429
1757463186543 nan 430
1757463186635 nan 431
1757463186715 nan 432
1757463186784 nan 433
1757463186864 nan 434
1757463186971 nan 435
1757463187051 nan 436
1757463187135 nan 437
1757463187202 nan 438
1757463187310 nan 439
1757463187434 nan 440
1757463187538 nan 441
1757463187630 nan 442
1757463187717 nan 443
1757463187806 nan 444
1757463187900 nan 445
1757463187984 nan 446
1757463188069 nan 447
1757463188145 nan 448
1757463188228 nan 449
1757463188318 nan 450
1757463188406 nan 451
1757463188478 nan 452
1757463188550 nan 453
1757463188629 nan 454
1757463188757 nan 455
1757463188847 nan 456
1757463188939 nan 457
1757463189034 nan 458
1757463189120 nan 459
1757463189207 nan 460
1757463189278 nan 461
1757463189358 nan 462
1757463189440 nan 463
1757463189514 nan 464
1757463189604 nan 465
1757463189668 nan 466
1757463189769 nan 467
1757463189856 nan 468
1757463189945 nan 469
1757463190026 nan 470
1757463190098 nan 471
1757463190172 nan 472
1757463190244 nan 473
1757463190372 nan 474
1757463190482 nan 475
1757463190570 nan 476
1757463190669 nan 477
1757463190750 nan 478
1757463190870 nan 479
1757463191339 nan 480
1757463191627 nan 481
1757463191780 nan 482
1757463191914 nan 483
1757463192002 nan 484
1757463192101 nan 485
1757463192204 nan 486
1757463192296 nan 487
1757463192400 nan 488
1757463192507 nan 489
1757463192609 nan 490
1757463192695 nan 491
1757463192778 nan 492
1757463192890 nan 493
1757463192982 nan 494
1757463193072 nan 495
1757463193162 nan 496
1757463193252 nan 497
1757463193351 nan 498
1757463193446 nan 499
