1757462546507 168.5310351077686 0
1757462546522 167.95605835215025 1
1757462546529 196.01376289169937 2
1757462546541 166.06791347599022 3
1757462546554 169.52038769937596 4
1757462546560 166.77313631831214 5
1757462546572 171.9732248474927 6
1757462546581 192.71736534189927 7
1757462546590 168.59354627380685 8
1757462546604 171.82871409099795 9
1757462546610 165.06133215301227 10
1757462546645 166.88091818454478 11
1757462546662 173.25387696388333 12
1757462546677 167.14684313604963 13
1757462546692 169.2588914666001 14
1757462546707 167.2842185574148 15
1757462546723 168.85671362170592 16
1757462546729 169.07367275754152 17
1757462546736 171.98154353827215 18
1757462546775 173.5414996552176 19
1757462546787 191.95159253328018 20
1757462546796 174.1131770697846 21
1757462546814 173.48224954051832 22
1757462546824 172.12897617759992 23
1757462546831 165.75181151774342 24
1757462546844 167.83282765722075 25
1757462546852 165.216034274668 26
1757462546860 166.59507409652613 27
1757462546877 161.42252298225418 28
1757462546894 169.62182952277362 29
1757462546901 162.91736750629153 30
1757462546917 176.26711547786357 31
1757462546924 165.86527880609 32
1757462546939 168.75714132996475 33
1757462546948 159.1225231988429 34
1757462546962 171.46887422426522 35
1757462546973 160.0856720650354 36
1757462546983 161.87079783832246 37
1757462547000 165.7618252327765 38
1757462547012 169.0216413269076 39
1757462547020 165.1979349999232 40
1757462547032 162.2936328886824 41
1757462547054 158.95568016375972 42
1757462547072 167.37480992270704 43
1757462547091 174.21799558695645 44
1757462547106 167.86719551679695 45
1757462547115 169.21379590847047 46
1757462547147 159.02411526156286 47
1757462547154 167.69028646357987 48
1757462547169 161.46927397443122 49
1757462547180 164.8585449951363 50
1757462547197 163.96837149173757 51
1757462547204 163.96500130594077 52
1757462547212 168.9944236144487 53
1757462547227 161.10590019857452 54
1757462547241 164.45665825370102 55
1757462547249 166.25073614392184 56
1757462547270 159.53960864872224 57
1757462547277 171.0394385881505 58
1757462547297 164.76755143142842 59
1757462547308 170.34470542539881 60
1757462547324 168.31977133154814 61
1757462547332 162.36866185819355 62
1757462547347 161.5495757627686 63
1757462547363 164.96286994912447 64
1757462547377 175.8070774733824 65
1757462547392 170.6337695596474 66
1757462547400 164.1669500598828 67
1757462547416 171.39889456449498 68
1757462547429 172.69074122347004 69
1757462547440 169.5848349302494 70
1757462547451 167.47018636296966 71
1757462547475 166.74790628822478 72
1757462547485 160.31263552345254 73
1757462547492 163.75754569080095 74
1757462547506 166.05309993239734 75
1757462547520 160.86309422879785 76
1757462547530 167.71234105977513 77
1757462547538 170.29807526111776 78
1757462547557 164.28473063114714 79
1757462547570 167.4737319643304 80
1757462547587 166.40436701438026 81
1757462547596 166.1572922874341 82
1757462547610 168.42946363017214 83
1757462547626 160.65548933644962 84
1757462547694 165.2520118198721 85
1757462547707 157.96777658179977 86
1757462547732 167.7029000153086 87
1757462547748 167.67648916663086 88
1757462547757 173.32797659935332 89
1757462547765 161.93967174231742 90
1757462547774 160.64527344426835 91
1757462547784 164.22652357922593 92
1757462547793 167.03744478811672 93
1757462547809 163.61449334773218 94
1757462547819 160.35993824844397 95
1757462547839 165.75686055783692 96
1757462547852 167.0562837847957 97
1757462547873 165.71613848895066 98
1757462547885 166.55388405052057 99
1757462547893 166.64556880061022 100
1757462547908 168.52019062088726 101
1757462547917 166.69080511264644 102
1757462547930 165.71062724258496 103
1757462547939 164.66734228354196 104
1757462547949 162.24378591257275 105
1757462547961 163.1987571187518 106
1757462547971 169.71233162972402 107
1757462547983 162.32736932439295 108
1757462547993 166.3561493841843 109
1757462548001 159.09058994880064 110
1757462548011 162.5843711038847 111
1757462548023 167.6098090984835 112
1757462548042 166.241268283819 113
1757462548056 162.27118552267348 114
1757462548069 167.01449696322186 115
1757462548082 161.75450886647718 116
1757462548091 171.44910051789674 117
1757462548105 165.12994036370594 118
1757462548117 164.32079493703412 119
1757462548129 169.0889059221125 120
1757462548139 186.77749087401318 121
1757462548156 168.08674947466858 122
1757462548174 168.7303995085536 123
1757462548184 165.3157858319168 124
1757462548199 162.0115650405085 125
1757462548216 167.57736270601183 126
1757462548231 166.22686828403252 127
1757462548242 166.0230297579501 128
1757462548264 152.7823231900035 129
1757462548274 159.57975027619767 130
1757462548292 162.83778638835355 131
1757462548307 160.63376719901783 132
1757462548317 162.0941819691925 133
1757462548331 165.79250042949394 134
1757462548340 158.09487988805813 135
1757462548366 161.60938753293289 136
1757462548402 171.84597047190644 137
1757462548420 163.86184100822769 138
1757462548431 165.43212874878193 139
1757462548441 161.80870055124132 140
1757462548456 169.89627736319184 141
1757462548469 164.57373146007666 142
1757462548489 164.14275296414544 143
1757462548499 167.09894978992864 144
1757462548509 162.41834233070668 145
1757462548524 166.84668319280135 146
1757462548548 162.2998618170536 147
1757462548564 163.08840069808394 148
1757462548573 160.4845346754282 149
1757462548593 165.4977112390751 150
1757462548617 163.10839266930722 151
1757462548625 162.18225675979286 152
1757462548642 164.8873952992393 153
1757462548657 160.99152554130814 154
1757462548676 158.18842310450626 155
1757462548692 165.44746792929814 156
1757462548703 171.94258274054212 157
1757462548725 165.6878129531025 158
1757462548738 164.1244584680253 159
1757462548751 164.19477973247987 160
1757462548773 159.5485536488146 161
1757462548793 166.5110766626077 162
1757462548809 160.8982094062215 163
1757462548826 163.52141486571173 164
1757462548837 161.58929458650724 165
1757462548856 166.37805295827084 166
1757462548876 161.93525627823038 167
1757462548896 169.7636954301213 168
1757462548905 160.36044512017253 169
1757462548921 170.47114114680159 170
1757462548936 164.57356115119424 171
1757462548950 164.86691223143922 172
1757462548963 157.2735760596079 173
1757462548977 163.4576803271083 174
1757462549006 162.30436270481852 175
1757462549017 158.02348984013472 176
1757462549030 163.88682651639772 177
1757462549050 159.62609809688962 178
1757462549062 195.84099852337653 179
1757462549082 163.70021912653038 180
1757462549093 159.97719519632804 181
1757462549119 162.21749109749484 182
1757462549130 162.30616783913084 183
1757462549140 161.07721789775798 184
1757462549158 159.140189242084 185
1757462549170 159.9905449048013 186
1757462549195 156.7862790678478 187
1757462549210 166.639717019569 188
1757462549223 163.79457038147694 189
1757462549233 164.8081999562511 190
1757462549245 164.45823422590627 191
1757462549255 156.29610905320732 192
1757462549265 169.18826828316546 193
1757462549282 163.1957217984238 194
1757462549299 159.28556122310653 195
1757462549319 170.39414280183826 196
1757462549331 164.73216987130525 197
1757462549345 166.05399995414518 198
1757462549355 163.8268561718273 199
1757462549374 164.6249915292745 200
1757462549398 163.37759526405947 201
1757462549414 162.91484432506462 202
1757462549426 164.64857507480951 203
1757462549440 162.03335723756476 204
1757462549450 161.34360945069113 205
1757462549474 157.0407783191787 206
1757462549495 165.59183677918708 207
1757462549512 159.93940638535815 208
1757462549532 160.4084911009806 209
1757462549553 162.60985056723962 210
1757462549571 163.55488326647878 211
1757462549584 158.75055302926378 212
1757462549602 162.24165037417708 213
1757462549618 162.63626593628868 214
1757462549634 162.37870988224964 215
1757462549650 153.68608806365924 216
1757462549673 160.86298459894317 217
1757462549697 163.24766266264083 218
1757462549707 166.06104608779054 219
1757462549718 162.62469445235985 220
1757462549735 159.85861227480046 221
1757462549747 163.47065173836407 222
1757462549762 153.9824320489076 223
1757462549782 161.24554464486695 224
1757462549793 159.23336815982216 225
1757462549806 159.95493347863805 226
1757462549827 156.12550389800882 227
1757462549840 161.58133465428068 228
1757462549857 164.23154171860628 229
1757462549879 161.1873468595351 230
1757462549891 166.30083803182407 231
1757462549911 161.52216165354173 232
1757462549925 156.28766754610737 233
1757462549943 156.81887360819763 234
1757462549966 162.87493194731468 235
1757462549976 152.57880782677998 236
1757462549998 158.96869277816012 237
1757462550019 153.98618113726695 238
1757462550043 161.61460706599522 239
1757462550063 156.99198243826422 240
1757462550081 153.06979929120456 241
1757462550134 159.351716396668 242
1757462550157 158.0115182389378 243
1757462550187 164.82797551408186 244
1757462550203 163.863267220494 245
1757462550218 159.03124112324215 246
1757462550241 157.5846329213948 247
1757462550257 157.41501181752582 248
1757462550302 157.87535296945978 249
1757462550332 162.51817796264822 250
1757462550365 161.58853353146543 251
1757462550376 164.71424817118174 252
1757462550387 160.4591984493119 253
1757462550404 161.40657222752012 254
1757462550422 164.3902604454667 255
1757462550434 163.07628358269895 256
1757462550445 155.79430611851177 257
1757462550464 160.82404347091628 258
1757462550478 153.54880416921873 259
1757462550490 157.94542131912362 260
1757462550502 162.25526617680237 261
1757462550526 157.11981792839578 262
1757462550544 161.22701494032268 263
1757462550565 160.33421729236719 264
1757462550580 154.03776755263456 265
1757462550597 157.0690253251132 266
1757462550614 158.0082560609402 267
1757462550628 159.04112227329287 268
1757462550647 163.314133764775 269
1757462550663 155.28600915527494 270
1757462550673 158.21578364802323 271
1757462550691 162.46813765216172 272
1757462550703 157.0692100804817 273
1757462550717 155.22897883065613 274
1757462550742 164.69223813002404 275
1757462550758 165.46057955858456 276
1757462550773 154.78474493833946 277
1757462550793 159.61686240857003 278
1757462550811 164.08169915892836 279
1757462550830 164.18739476519974 280
1757462550850 156.5973783462138 281
1757462550876 160.04388896329897 282
1757462550896 161.09576093812262 283
1757462550911 160.36763691355839 284
1757462550923 156.88253303032928 285
1757462550941 158.75786990014035 286
1757462550957 162.824339718465 287
1757462550972 160.5916288744583 288
1757462550984 163.5639714621513 289
1757462551005 153.77571990778875 290
1757462551022 159.35613147505262 291
1757462551040 156.42331438798763 292
1757462551057 164.9326313087497 293
1757462551070 157.09732779275788 294
1757462551089 159.97995933324353 295
1757462551105 161.71416315091662 296
1757462551123 164.5546920685636 297
1757462551142 163.90126126408327 298
1757462551154 153.48919039908412 299
1757462551172 164.79401934357813 300
1757462551189 152.45012463997398 301
1757462551207 153.80571781297581 302
1757462551231 158.6211601623525 303
1757462551252 156.7906954929745 304
1757462551280 158.9694382882494 305
1757462551293 157.60565572022267 306
1757462551305 158.67606145929616 307
1757462551331 158.5583630886711 308
1757462551353 164.1484031458611 309
1757462551383 165.50830184343187 310
1757462551394 154.7276832567807 311
1757462551416 158.4452532467806 312
1757462551435 160.59885802350445 313
1757462551452 156.77843316189916 314
1757462551477 156.46056937694846 315
1757462551498 156.42605739567765 316
1757462551518 153.63238910956767 317
1757462551555 159.92192385465128 318
1757462551598 153.65481692357346 319
1757462551626 158.37011609053673 320
1757462551647 156.6221082617155 321
1757462551675 160.3291588606665 322
1757462551694 162.70971203239623 323
1757462551708 160.24591301930403 324
1757462551736 161.53339384383162 325
1757462551755 159.95695430887142 326
1757462551772 156.66593391393047 327
1757462551795 153.35507598597357 328
1757462551814 163.13306305281162 329
1757462551848 160.14532585597973 330
1757462551867 163.86097033191092 331
1757462551883 162.7150725684479 332
1757462551914 154.5540031002669 333
1757462551929 160.05214700690644 334
1757462551945 159.26808751853036 335
1757462551969 160.1949608996523 336
1757462552004 151.61588537590924 337
1757462552033 162.9841457333893 338
1757462552058 158.20705837324033 339
1757462552074 156.88425605489422 340
1757462552105 152.5895988399101 341
1757462552134 156.7806787588359 342
1757462552155 155.79162503134455 343
1757462552178 156.66736628158398 344
1757462552191 152.97982645599487 345
1757462552212 161.29694561829226 346
1757462552229 157.32764311440792 347
1757462552246 157.7667534614122 348
1757462552276 158.74036628120632 349
1757462552298 159.67045475553712 350
1757462552317 156.83866215546004 351
1757462552336 164.98109009189193 352
1757462552353 154.7532283827197 353
1757462552377 159.49801283733956 354
1757462552396 161.91447645609426 355
1757462552411 155.54931883739434 356
1757462552431 153.90730343276581 357
1757462552451 155.25996624909405 358
1757462552474 163.70986592088408 359
1757462552487 163.1231923112912 360
1757462552520 153.47978199904048 361
1757462552542 160.72507796652673 362
1757462552557 161.2085195891796 363
1757462552571 157.2488062409092 364
1757462552605 156.82943190886832 365
1757462552620 157.3335984472325 366
1757462552638 153.3326983386115 367
1757462552661 161.88469148946274 368
1757462552687 157.11473573924587 369
1757462552703 152.3274323221318 370
1757462552716 154.24251509646808 371
1757462552736 158.70053353536852 372
1757462552757 158.58537393517173 373
1757462552772 160.32180498150242 374
1757462552793 161.89364096944578 375
1757462552805 154.64692308207032 376
1757462552819 160.59033584826173 377
1757462552843 158.65118926627196 378
1757462552883 161.73336221961375 379
1757462552902 160.92250623611488 380
1757462552919 155.1967263896127 381
1757462552938 155.68872228737783 382
1757462552961 159.67360107954988 383
1757462552981 150.84018338201022 384
1757462552999 163.58321113025897 385
1757462553022 165.3264869753019 386
1757462553045 151.98499308400682 387
1757462553065 152.63949049701924 388
1757462553089 157.64865909488512 389
1757462553102 159.32566021125353 390
1757462553124 157.08852031207897 391
1757462553147 154.80659205548304 392
1757462553163 151.1818272825173 393
1757462553191 157.06697113547617 394
1757462553207 159.77155885653937 395
1757462553243 159.10633735885986 396
1757462553261 154.8299051469285 397
1757462553287 156.18984973567515 398
1757462553305 177.97978570057842 399
1757462553321 157.94065663875327 400
1757462553352 151.61436229121887 401
1757462553380 157.40903917848598 402
1757462553400 159.65541366528214 403
1757462553426 154.9504273670909 404
1757462553456 157.49287947459624 405
1757462553488 151.50264691208463 406
1757462553502 156.72177999162727 407
1757462553523 161.30732511377042 408
1757462553539 153.7201435114233 409
1757462553561 150.86461367345333 410
1757462553597 157.18215520701847 411
1757462553624 155.98796941373112 412
1757462553640 154.10227005669674 413
1757462553654 154.89456364295543 414
1757462553674 176.00742381362872 415
1757462553695 151.97500467846513 416
1757462553716 160.58739278798947 417
1757462553733 157.44768957676595 418
1757462553754 157.75098597892205 419
1757462553768 159.5124631714523 420
1757462553790 161.46640017369677 421
1757462553823 156.17398613312875 422
1757462553840 155.32285544177722 423
1757462553859 150.63425467246265 424
1757462553880 157.7776660821868 425
1757462553911 160.4648539392165 426
1757462553928 155.97821521248304 427
1757462553943 154.6521240273202 428
1757462553965 159.67935714151864 429
1757462553981 163.01927329716432 430
1757462553997 182.7719752067575 431
1757462554023 152.39901097938633 432
1757462554037 157.05626905885427 433
1757462554062 153.9041241919427 434
1757462554088 155.80453474331276 435
1757462554110 155.79198983901813 436
1757462554127 156.57423314192351 437
1757462554151 155.43744202899705 438
1757462554169 157.63485772664086 439
1757462554200 155.10880099366423 440
1757462554220 152.90491892232419 441
1757462554244 155.34961084192383 442
1757462554268 154.88765028822837 443
1757462554303 154.86453593831084 444
1757462554329 156.8832696149223 445
1757462554356 154.11185598175595 446
1757462554387 151.4733218002168 447
1757462554411 155.04904170163326 448
1757462554433 158.34790968056598 449
1757462554456 158.76591069006022 450
1757462554503 152.63263828288848 451
1757462554529 163.1183882849054 452
1757462554547 159.26620816658914 453
1757462554568 155.96646823152238 454
1757462554595 150.93093334170905 455
1757462554613 153.57341806729 456
1757462554641 157.27327455657013 457
1757462554666 155.31928291493506 458
1757462554685 154.89460212905868 459
1757462554704 156.55325897999566 460
1757462554725 158.55243505817353 461
1757462554744 154.5476670918087 462
1757462554766 157.08765238466785 463
1757462554794 155.4157621311247 464
1757462554832 154.6896463262211 465
1757462554853 156.27039905962582 466
1757462554876 161.8021837612205 467
1757462554893 152.63119042400254 468
1757462554916 153.28098409524412 469
1757462554937 157.58888723206707 470
1757462554960 155.8175848141703 471
1757462554986 154.96656847450618 472
1757462555001 159.84965099116548 473
1757462555025 155.75604787686447 474
1757462555049 159.48957061641622 475
1757462555068 149.77880910541236 476
1757462555094 158.49032008803093 477
1757462555109 154.61628457322834 478
1757462555132 148.7656792450943 479
1757462555160 154.63696222604025 480
1757462555181 154.22719928787268 481
1757462555206 156.41891545350754 482
1757462555226 155.77178224722326 483
1757462555250 157.36032481036946 484
1757462555281 154.83442115183604 485
1757462555298 150.99665684706906 486
1757462555331 151.73623459778156 487
1757462555356 151.51207410721852 488
1757462555381 155.0459608432526 489
1757462555406 157.91036589410135 490
1757462555429 156.33539760319312 491
1757462555450 155.52791403530352 492
1757462555467 150.1269593412199 493
1757462555490 153.97590652742343 494
1757462555521 153.03031587814266 495
1757462555549 150.19087922706353 496
1757462555567 158.58109744536975 497
1757462555593 160.54137534823647 498
1757462555612 151.06715226280446 499
