1757462599693 168.87672819721146 0
1757462599701 168.85122084971297 1
1757462599715 168.82695814685016 2
1757462599721 168.80386586630723 3
1757462599732 168.78187460923647 4
1757462599748 168.76091947400792 5
1757462599761 168.74093975248792 6
1757462599780 168.72187864727096 7
1757462599796 168.70368300840286 8
1757462599807 168.68630308823353 9
1757462599819 168.66969231313502 10
1757462599828 168.65380707090938 11
1757462599842 168.63860651279236 12
1757462599873 168.62405236903746 13
1757462599880 168.6101087771346 14
1757462599887 168.5967421217857 15
1757462599893 168.5839208858195 16
1757462599905 168.5716155112863 17
1757462599911 168.55979827002614 18
1757462599926 168.54844314305362 19
1757462599934 168.53752570814882 20
1757462599948 168.5270230350854 21
1757462599957 168.5169135879684 22
1757462599963 168.50717713418985 23
