1757462564211 171.80377147535341 0
1757462564222 165.70747493889763 1
1757462564244 172.54682858108805 2
1757462564251 169.46946085213744 3
1757462564257 173.39105289451015 4
1757462564268 165.69212463797044 5
1757462564289 172.8199579732485 6
1757462564297 167.88132926720817 7
1757462564305 171.13013913797505 8
1757462564311 162.78674629121664 9
1757462564318 170.6955827444857 10
1757462564336 166.05674788501375 11
1757462564349 174.0621673389354 12
1757462564369 180.3235957656409 13
1757462564384 163.6875052936423 14
1757462564391 172.9345927078123 15
1757462564411 165.96629497027976 16
1757462564422 177.07622737252478 17
1757462564446 214.01306501562368 18
1757462564462 171.11758978456365 19
1757462564476 168.78408513000812 20
1757462564487 168.26305813111912 21
1757462564494 163.8780181601558 22
1757462564518 167.43613645341196 23
1757462564535 167.5647644853954 24
1757462564547 163.61916046607593 25
1757462564557 168.9210323740119 26
1757462564566 171.9370960833959 27
1757462564574 164.401088769241 28
1757462564584 166.80139068805832 29
1757462564594 170.33367906783687 30
1757462564609 162.78175391046702 31
1757462564621 164.85157093242498 32
1757462564628 162.52718634634059 33
1757462564637 163.1097553221319 34
1757462564652 157.5838542566374 35
1757462564666 163.46506393639072 36
1757462564672 163.7456439122344 37
1757462564681 160.55488673985639 38
1757462564689 168.05051746189122 39
1757462564701 164.08336164213716 40
1757462564719 163.24109515607853 41
1757462564733 159.57979325018454 42
1757462564741 163.75622407244413 43
1757462564755 166.20553864816276 44
1757462564763 164.0271150022121 45
1757462564782 160.72991940041157 46
1757462564789 163.14279075172806 47
1757462564811 166.30895989687372 48
1757462564832 164.54645639361803 49
1757462564852 172.97073562593692 50
1757462564864 158.04524668423937 51
1757462564875 158.83212901673193 52
1757462564891 162.25013246037082 53
1757462564899 163.8339776581311 54
1757462564914 165.84470006654504 55
1757462564924 161.78237321073004 56
1757462564933 164.12142181058857 57
1757462564943 161.7226160577971 58
1757462564959 154.2386528748438 59
1757462564971 162.9728605565575 60
1757462564984 159.64073228619253 61
1757462564993 158.68077838260714 62
1757462565008 162.3485445105599 63
1757462565020 160.37678810882 64
1757462565029 162.59655056014813 65
1757462565037 162.29288756108363 66
1757462565044 157.7805417882323 67
1757462565060 158.80610874799885 68
1757462565081 159.25643151076147 69
1757462565097 157.85622426450772 70
1757462565120 159.02822212091786 71
1757462565142 151.1154610196133 72
1757462565157 158.3970693414597 73
1757462565164 161.63864221369317 74
1757462565172 160.8529981053839 75
1757462565188 153.69982829399177 76
1757462565206 159.26691230353083 77
1757462565218 162.14676014811604 78
1757462565239 162.42708461256842 79
1757462565247 159.83352437548342 80
1757462565260 161.29081034409012 81
1757462565277 153.93364267558562 82
1757462565291 161.34120303239558 83
1757462565299 161.509051171394 84
1757462565312 153.7381106986927 85
1757462565320 159.91439314472262 86
1757462565328 159.24148033891183 87
1757462565341 175.0556546994216 88
1757462565349 168.43666456970215 89
1757462565367 154.01634135780492 90
1757462565380 156.26617503775338 91
1757462565388 154.10228029638972 92
1757462565405 160.62031759698988 93
1757462565415 155.39322437371578 94
1757462565432 164.28113515934405 95
1757462565447 156.52201525200883 96
1757462565461 158.73427153973154 97
1757462565473 156.93570602581798 98
1757462565547 193.95955503525568 99
1757462565556 155.729188460589 100
1757462565565 155.30059307255934 101
1757462565576 160.24287792309178 102
1757462565585 158.22523397720244 103
1757462565593 162.3487356878694 104
1757462565602 157.3336170217483 105
1757462565614 159.4238929238476 106
1757462565630 159.64498510244988 107
1757462565641 159.5016492607591 108
1757462565654 155.45777968848716 109
1757462565663 157.47385920943427 110
1757462565671 160.4754973987213 111
1757462565683 157.96175431867863 112
1757462565695 147.8776661623401 113
1757462565709 163.03601650286308 114
1757462565719 153.5134842518907 115
1757462565734 152.1811755484086 116
1757462565744 153.8739479420254 117
1757462565759 164.0501797941406 118
1757462565768 152.86545452896178 119
1757462565778 197.36868794402903 120
1757462565801 155.33712645029607 121
1757462565810 154.20139222270896 122
1757462565819 152.5449528603533 123
1757462565831 152.9064309113387 124
1757462565840 155.1017929069443 125
1757462565852 152.80903726790126 126
1757462565866 153.5541845760988 127
1757462565880 151.82876870694076 128
1757462565891 163.37499625389705 129
1757462565908 152.91561085898144 130
1757462565932 155.59436053488017 131
1757462565947 153.01943584493534 132
1757462565962 152.80641255443084 133
1757462565976 155.4159437488908 134
1757462565988 155.52313889175943 135
1757462566003 153.37858219021058 136
1757462566012 156.88338496012597 137
1757462566021 148.4086640225417 138
1757462566037 153.9652973114912 139
1757462566056 153.1894047369901 140
1757462566074 160.30855537276773 141
1757462566091 152.40246078508216 142
1757462566109 156.89659411973673 143
1757462566121 154.05601976490016 144
1757462566133 143.7095822917275 145
1757462566150 149.5382275272534 146
1757462566162 153.86091168032686 147
1757462566174 144.30414374681772 148
1757462566191 155.54583571728995 149
1757462566202 147.2310081814499 150
1757462566217 147.648608057099 151
1757462566227 149.2723410839477 152
1757462566242 152.40259055900916 153
1757462566252 147.79742526403717 154
1757462566264 149.23886307868696 155
1757462566286 147.0860072907579 156
1757462566305 153.1652351328832 157
1757462566320 155.88577124500566 158
1757462566330 147.2642810084932 159
1757462566341 149.87839494013667 160
1757462566359 149.3745062105503 161
1757462566373 154.4174610341954 162
1757462566383 152.28941850809167 163
1757462566399 147.18945803111197 164
1757462566416 155.19809467454283 165
1757462566435 150.80981780194907 166
1757462566451 155.52229238750724 167
1757462566476 149.45947160996184 168
1757462566498 154.94271437846282 169
1757462566507 157.92582507982365 170
1757462566523 152.44578496156487 171
1757462566534 146.6405300005198 172
1757462566550 146.1701577580001 173
1757462566560 154.2111352417494 174
1757462566581 150.59866725249543 175
1757462566597 153.68653584344656 176
1757462566618 158.8548638414693 177
1757462566633 148.45597291220682 178
1757462566648 145.36225087853646 179
1757462566665 148.36847504450577 180
1757462566685 149.0997630535831 181
1757462566695 147.15744275483186 182
1757462566706 148.38280552621984 183
1757462566716 145.74582884183718 184
1757462566732 150.51089106152347 185
1757462566756 151.3286402641932 186
1757462566766 149.09947776733225 187
1757462566777 144.38000550311614 188
1757462566793 150.64500532726535 189
1757462566803 154.1470013658636 190
1757462566813 151.6574284108941 191
1757462566825 162.15222631198301 192
1757462566840 152.0600957269399 193
1757462566863 147.6859285023471 194
1757462566873 147.60050821290633 195
1757462566884 146.87372621928472 196
1757462566900 147.10080871561505 197
1757462566916 152.18661744206858 198
1757462566940 148.90986806623545 199
1757462566950 150.9565014840182 200
1757462566960 151.00763595670207 201
1757462566971 146.26587366716356 202
1757462566990 144.64580459296883 203
1757462567012 145.37042661346248 204
1757462567032 142.5564504741385 205
1757462567049 147.6681877446828 206
1757462567066 143.83576423314653 207
1757462567083 143.1268642585885 208
1757462567097 140.72335217553882 209
1757462567115 144.4914714057737 210
1757462567135 141.7878778739111 211
1757462567153 151.37373758015764 212
1757462567167 142.91382413946462 213
1757462567180 149.12080622483194 214
1757462567193 148.71307214278113 215
1757462567204 148.01472399027026 216
1757462567219 149.6515542361551 217
1757462567246 145.3455744488869 218
1757462567270 145.29140757205673 219
1757462567289 146.80796804039173 220
1757462567304 146.29080068243653 221
1757462567325 148.2529806834723 222
1757462567342 147.41771337097575 223
1757462567354 140.87742699093275 224
1757462567369 148.2022312240489 225
1757462567385 144.03486682050948 226
1757462567399 143.3463705882749 227
1757462567416 148.0567564327045 228
1757462567432 148.68806292781034 229
1757462567446 143.73233520370817 230
1757462567464 140.9502006979027 231
1757462567477 139.4697274681571 232
1757462567497 143.41175345380682 233
1757462567513 147.99121147032065 234
1757462567527 144.04608910313937 235
1757462567559 142.77528612836002 236
1757462567576 146.49398449621822 237
1757462567623 145.21245874635252 238
1757462567636 147.66540636275397 239
1757462567652 143.6244167669844 240
1757462567663 142.28354007661193 241
1757462567684 142.9254842110738 242
1757462567697 142.8239066288134 243
1757462567723 148.35259056428833 244
1757462567735 141.92956461317655 245
1757462567758 141.94221727005245 246
1757462567774 142.09789753830685 247
1757462567797 145.4856692094429 248
1757462567807 143.57666355200723 249
1757462567831 142.12988934818787 250
1757462567843 154.97977519251316 251
1757462567859 145.43692213184718 252
1757462567870 142.3239856226529 253
1757462567887 149.3954661742552 254
1757462567902 140.81533560543824 255
1757462567920 141.59003283298588 256
1757462567936 144.87948540870502 257
1757462567967 144.7457743982706 258
1757462567988 140.7524332187739 259
1757462568006 142.7330825001624 260
1757462568017 145.07714471888494 261
1757462568029 144.84568403504298 262
1757462568058 143.8760110181505 263
1757462568069 142.19803066708937 264
1757462568087 147.49918752856735 265
1757462568102 141.40494895508874 266
1757462568121 141.74247078812164 267
1757462568134 137.0735938911239 268
1757462568156 146.1902251430723 269
1757462568171 142.98098292440466 270
1757462568189 142.6534226224114 271
1757462568208 143.8631062605487 272
1757462568221 142.38064472360554 273
1757462568238 137.00130896253322 274
1757462568264 140.97310948516866 275
1757462568282 143.57715861650593 276
1757462568301 144.10774302788826 277
1757462568315 140.25835635147712 278
1757462568329 138.04013766091316 279
1757462568352 140.06551943324422 280
1757462568367 143.8852959938544 281
1757462568393 146.02149598567183 282
1757462568416 141.27526072221377 283
1757462568447 140.76533581860542 284
1757462568459 143.46646703690968 285
1757462568485 135.51056015470235 286
1757462568504 139.9801198395926 287
1757462568527 145.2464741415266 288
1757462568545 141.37902488304655 289
1757462568557 137.42449639225157 290
1757462568573 139.59384720236426 291
1757462568602 141.00491300588132 292
1757462568620 145.01881449426196 293
1757462568647 147.23954191336958 294
1757462568662 143.4848421838323 295
1757462568684 138.7540907803912 296
1757462568695 139.36025695049207 297
1757462568717 142.81744339299723 298
1757462568735 142.16803673191544 299
1757462568756 141.43263786072907 300
1757462568777 142.52685460590567 301
1757462568796 142.7671780191023 302
1757462568808 143.16474902257505 303
1757462568835 139.76049547092683 304
1757462568862 144.03122636465508 305
1757462568881 141.32095997494235 306
1757462568909 141.36792265515516 307
1757462568921 139.7571249737188 308
1757462568938 142.58712965985606 309
1757462568963 140.61824352963203 310
1757462568995 148.4911486792208 311
1757462569011 141.0290696063395 312
1757462569024 142.07536499136953 313
1757462569058 141.1811222695009 314
1757462569075 139.44931926277096 315
1757462569087 139.06955978554296 316
1757462569107 137.7483167619218 317
1757462569129 138.2088465187544 318
1757462569142 136.74889484192326 319
1757462569155 138.54315274070586 320
1757462569180 140.49220020739145 321
1757462569216 140.03747631544667 322
1757462569230 143.57718956967932 323
1757462569251 143.4624473928627 324
1757462569274 138.94452780801697 325
1757462569292 142.51071309551662 326
1757462569311 139.7022176008793 327
1757462569340 142.58864376235192 328
1757462569352 132.98290092659192 329
1757462569373 131.87387423430494 330
1757462569399 138.85254643199733 331
1757462569423 141.98810740925217 332
1757462569436 136.76674130896455 333
1757462569455 141.23960945291844 334
1757462569474 138.6842797508357 335
1757462569487 135.10491700045407 336
1757462569507 142.3436419195879 337
1757462569520 139.2849400511406 338
1757462569539 142.3354792986768 339
1757462569557 141.94699503103652 340
1757462569576 142.3684330036098 341
1757462569590 134.6934878002709 342
1757462569604 134.72264696986957 343
1757462569635 144.32530423129054 344
1757462569653 139.1824276889072 345
1757462569679 136.24812394315637 346
1757462569694 136.76310645808024 347
1757462569735 136.36609643333233 348
1757462569750 137.20051702606582 349
1757462569765 136.58201240680313 350
1757462569782 132.46818884157784 351
1757462569798 133.02076144525097 352
1757462569811 140.74438274094229 353
1757462569843 135.8127260907326 354
1757462569868 140.1172672252098 355
1757462569905 143.78594844627693 356
1757462569920 137.75427270643817 357
1757462569947 140.20398742677634 358
1757462569968 137.3835201355669 359
1757462569995 137.13468786934178 360
1757462570017 139.65430642592335 361
1757462570039 136.3932671660677 362
1757462570056 133.53775221927526 363
1757462570076 136.07317892476644 364
1757462570097 132.14396349714593 365
1757462570117 137.9612549891403 366
1757462570136 134.74838767529604 367
1757462570162 135.1309447236394 368
1757462570176 136.41670610658855 369
1757462570229 139.75879168861087 370
1757462570254 136.66100380804852 371
1757462570282 132.9373130133996 372
1757462570314 136.69359957858296 373
1757462570328 138.89960457810184 374
1757462570345 134.32897819778916 375
1757462570362 136.03292378856634 376
1757462570386 133.3579307580083 377
1757462570401 137.23192773663735 378
1757462570422 136.91879656277868 379
1757462570446 134.6023719057266 380
1757462570460 137.1710971931203 381
1757462570474 135.50322587388135 382
1757462570498 145.9108372293714 383
1757462570512 137.29195529392175 384
1757462570525 141.40068358645743 385
1757462570549 134.12087558839858 386
1757462570586 138.2882530212704 387
1757462570618 132.27143822441525 388
1757462570638 134.01838403838394 389
1757462570662 133.07740529252655 390
1757462570689 134.78979532074177 391
1757462570710 130.33229096464223 392
1757462570732 137.72268653482433 393
1757462570762 136.80025642374306 394
1757462570783 135.9906543324504 395
1757462570806 143.6015506246863 396
1757462570827 135.6870080378813 397
1757462570850 133.49759880776037 398
1757462570875 133.0896053091994 399
1757462570889 136.15769439876988 400
1757462570910 142.45102462562178 401
1757462570935 134.1269326394629 402
1757462570950 138.81896400549294 403
1757462570981 167.34379099971812 404
1757462571005 140.68466430719963 405
1757462571047 139.68137070761404 406
1757462571061 134.33135176680213 407
1757462571077 134.76146877211102 408
1757462571094 135.2581261104051 409
1757462571113 135.48266319691106 410
1757462571129 129.4024574287239 411
1757462571143 133.45937467610744 412
1757462571164 136.0563575953706 413
1757462571177 138.1513716703329 414
1757462571195 132.87388172601948 415
1757462571216 132.305236727984 416
1757462571235 132.9780792647407 417
1757462571256 135.38146071812497 418
1757462571280 133.82051191745563 419
1757462571294 134.34034374200778 420
1757462571316 128.59729739687688 421
1757462571336 133.435388452434 422
1757462571360 132.31959411197292 423
1757462571383 130.1214902067387 424
1757462571399 133.10142535144394 425
1757462571424 130.7100723951135 426
1757462571445 136.47373603115742 427
1757462571466 131.74572097220295 428
1757462571483 134.64680495539662 429
1757462571504 136.87427195022676 430
1757462571524 138.38662643627865 431
1757462571538 135.22945943551844 432
1757462571574 129.9917671731534 433
1757462571591 135.38677483475468 434
1757462571614 128.75060837127552 435
1757462571634 131.56520555364577 436
1757462571656 131.69877659624706 437
1757462571674 134.11834899164532 438
1757462571705 133.6148797347078 439
1757462571725 135.06089896081386 440
1757462571743 134.63387181677672 441
1757462571763 131.8747265682159 442
1757462571781 130.16458088310583 443
1757462571799 130.8923349550017 444
1757462571823 133.06177175306118 445
1757462571843 128.5989733799346 446
1757462571859 126.92483181886388 447
1757462571886 174.79934231841887 448
1757462571910 136.4022373995876 449
1757462571931 123.38965274686171 450
1757462571945 134.06678851957815 451
1757462571977 134.272407518971 452
1757462571995 132.6186176712247 453
1757462572015 128.95897572449337 454
1757462572039 132.51612516429932 455
1757462572054 133.17049574732374 456
1757462572073 136.54394086756386 457
1757462572097 130.93037093722856 458
1757462572117 129.84592493665446 459
1757462572133 133.5446409145606 460
1757462572161 131.5457176510214 461
1757462572177 152.96820520729898 462
1757462572192 132.45822355340505 463
1757462572212 133.30515572646772 464
1757462572238 131.9103893492984 465
1757462572259 136.87837449059026 466
1757462572282 132.53585110899212 467
1757462572297 132.93437778917087 468
1757462572314 130.6599455701227 469
1757462572344 130.94250586183742 470
1757462572370 143.35087809784636 471
1757462572401 133.00674131468887 472
1757462572422 151.06715848304114 473
1757462572454 133.2152350804473 474
1757462572469 132.1293883310724 475
1757462572497 134.45745418316022 476
1757462572520 130.91940317600643 477
1757462572545 129.75945329268086 478
1757462572568 139.11562016774025 479
1757462572599 131.85903499239578 480
1757462572627 129.066210785156 481
1757462572648 133.6752220167991 482
1757462572667 128.23193730006625 483
1757462572686 133.8971819980094 484
1757462572704 128.79166652697273 485
1757462572724 127.92091099589678 486
1757462572746 128.35972657772876 487
1757462572767 132.49250345047622 488
1757462572787 131.96271906853428 489
1757462572805 135.37834227324726 490
1757462572874 127.12659936041766 491
1757462572921 128.5092748289328 492
1757462572936 131.16096347534193 493
1757462572965 131.31439908401882 494
1757462572984 129.7498915195659 495
1757462573006 133.2946584367839 496
1757462573033 130.1895036871561 497
1757462573054 133.24327244643422 498
1757462573076 127.38809507769857 499
