1757462459248 157.20149191618086 0
1757462459294 153.1170837444572 1
1757462459342 157.53425303630868 2
1757462459377 166.35863899085228 3
1757462459435 167.40800840536096 4
1757462459480 179.59605867206966 5
1757462459517 122.42764489895045 6
1757462459555 168.41588535096656 7
1757462459590 169.04499754100414 8
1757462459633 167.49483277918074 9
1757462459680 145.87049970491697 10
1757462459714 180.65307796011578 11
1757462459750 222.45320034949364 12
1757462459793 163.26693251084677 13
1757462459845 170.1586437328221 14
1757462459887 184.0717200437899 15
1757462459925 158.16437286332445 16
1757462459965 126.9884166816843 17
1757462460011 178.9344443633793 18
1757462460058 156.3274220247413 19
1757462460103 180.8843555506586 20
1757462460152 175.65075068211092 21
1757462460194 151.14777881124797 22
1757462460241 183.76306930535574 23
1757462460280 176.00748093622892 24
1757462460333 158.6855161314365 25
1757462460380 180.37469683290956 26
1757462460419 196.56032921898196 27
1757462460452 146.25251267922403 28
1757462460492 152.6634231617745 29
1757462460535 168.4376209019571 30
1757462460593 176.29811169636557 31
1757462460678 146.67028077990335 32
1757462460717 162.4946140899996 33
1757462460762 164.04547707801268 34
1757462460800 160.88352292986016 35
1757462460845 179.07564552796802 36
1757462460880 187.51147925625907 37
1757462460922 154.88631444684287 38
1757462460969 148.35514342110665 39
1757462461012 145.70577439587748 40
1757462461058 151.9016075971361 41
1757462461104 171.02061390951226 42
1757462461147 163.79794312208864 43
1757462461191 170.82833951870325 44
1757462461235 170.68796506468513 45
1757462461277 170.47309271521507 46
1757462461314 151.42699948725163 47
1757462461354 180.65275317206977 48
1757462461389 172.22473560621086 49
1757462461437 178.78054299197422 50
1757462461477 173.13259072433695 51
1757462461522 89.23924428201781 52
1757462461567 183.06330007677124 53
1757462461618 200.08731265241713 54
1757462461658 138.7272797178731 55
1757462461698 135.30045127605013 56
1757462461739 145.05809114327522 57
1757462461775 186.69458207901755 58
1757462461823 159.58787981861275 59
1757462461859 169.6540960254804 60
1757462461898 221.513803212949 61
1757462461938 160.1967947433249 62
1757462461975 147.45845475458762 63
1757462462025 200.88024220265078 64
1757462462068 171.38737292810916 65
1757462462116 177.71634037108174 66
1757462462172 150.28960353879998 67
1757462462214 228.0092618853087 68
1757462462255 170.81878985033526 69
1757462462316 161.41316286285962 70
1757462462357 130.68065474432433 71
1757462462395 181.1118746493683 72
1757462462445 168.7158016033301 73
1757462462490 218.15006223445408 74
1757462462534 162.53924365900122 75
1757462462579 204.38842154237 76
1757462462620 166.10739746267478 77
1757462462657 179.18747258863385 78
1757462462702 161.62109292477538 79
1757462462741 170.7486452960701 80
1757462462792 177.0914132043044 81
1757462462830 205.09953983853953 82
1757462462875 142.1263724500276 83
1757462462919 131.1072788501407 84
1757462462955 162.51217603883634 85
1757462463010 159.2377317775927 86
1757462463047 206.5409359555635 87
1757462463093 127.09919426777388 88
1757462463144 175.76581141899507 89
1757462463184 162.68959132156837 90
1757462463236 163.0981420361465 91
1757462463272 136.26503733514832 92
1757462463310 154.43229924229402 93
1757462463352 181.11662976940755 94
1757462463398 177.12573767166728 95
1757462463447 150.66124474065487 96
1757462463492 149.7314556878736 97
1757462463539 178.49556515268102 98
1757462463580 155.53132874555195 99
1757462463635 150.65647953030137 100
1757462463698 178.70695276391947 101
1757462463746 159.47398196356926 102
1757462463787 117.61834707096918 103
1757462463825 154.0590624611597 104
1757462463869 180.53056921903726 105
1757462463909 159.02405375741512 106
1757462463959 159.2038824247035 107
1757462464009 166.0791178297354 108
1757462464049 181.22380447388377 109
1757462464088 129.98071129002605 110
1757462464131 154.90511201169338 111
1757462464183 145.25536391895926 112
1757462464221 172.38921017533994 113
1757462464282 171.9136412887996 114
1757462464323 172.55787196627512 115
1757462464359 204.23149452208975 116
1757462464404 161.73158010882423 117
1757462464454 197.8962723756864 118
1757462464493 116.47802601201793 119
1757462464539 169.01867957239955 120
1757462464576 125.43265581109951 121
1757462464616 170.56650152520135 122
1757462464665 167.69373442735505 123
1757462464707 135.49546480428194 124
1757462464748 166.46339733074177 125
1757462464802 141.96824821306373 126
1757462464842 165.64655850304533 127
1757462464890 160.4468377534721 128
1757462464943 169.61057400991575 129
1757462464992 114.87583883090116 130
1757462465044 148.96815435497066 131
1757462465082 131.2438118182799 132
1757462465125 169.61222689104878 133
1757462465167 168.3061996315142 134
1757462465209 188.21901008692072 135
1757462465247 172.867431509175 136
1757462465288 180.51085674837762 137
1757462465325 156.20729567686817 138
1757462465368 166.09388430521 139
1757462465412 118.13768006191667 140
1757462465446 152.76162671400232 141
1757462465492 148.90653002541734 142
1757462465532 169.43133969860958 143
1757462465576 193.23693002700455 144
1757462465620 176.11993678115215 145
1757462465668 159.32961898077696 146
1757462465717 179.87380761466665 147
1757462465756 192.4950873545405 148
1757462465803 127.79833691800495 149
1757462465861 136.79755620140918 150
1757462465919 160.25768013066752 151
1757462465965 159.74800146185876 152
1757462466000 154.79298184375406 153
1757462466051 174.5605406452033 154
1757462466096 170.34788803779557 155
1757462466135 155.75295646387912 156
1757462466181 171.90012369352252 157
1757462466223 166.01052316351488 158
1757462466259 159.6679760133634 159
1757462466314 185.9142897914074 160
1757462466370 148.1673134371806 161
1757462466421 146.52502126312547 162
1757462466462 165.10586033037177 163
1757462466505 157.32763976463394 164
1757462466562 176.70170261858692 165
1757462466600 172.52782343640322 166
1757462466662 148.0066391982289 167
1757462466707 148.04511974222524 168
1757462466754 168.44347843505187 169
1757462466798 182.00284958919698 170
1757462466843 135.4635561430066 171
1757462466885 167.6059363761264 172
1757462466931 157.80866215134307 173
1757462466978 156.03325966274616 174
1757462467042 165.14791503457081 175
1757462467083 161.00744058863282 176
1757462467116 156.38636460943243 177
1757462467149 134.84708920391913 178
1757462467197 164.93670772091562 179
1757462467247 179.52041339376666 180
1757462467290 161.7283841075102 181
1757462467336 176.7410348914335 182
1757462467385 156.40945913752668 183
1757462467436 153.3618347938573 184
1757462467485 180.40663485542677 185
1757462467532 164.70402389938081 186
1757462467575 168.27093732741523 187
1757462467616 165.98644128848215 188
1757462467654 165.99222336407848 189
1757462467714 168.5768433196978 190
1757462467751 141.15630318721765 191
1757462467790 166.5853085467629 192
1757462467836 185.53665448535338 193
1757462467878 180.41064470285218 194
1757462467915 160.52726628609216 195
1757462467955 158.47684564388567 196
1757462467999 148.33369456696082 197
1757462468055 166.94431746026328 198
1757462468098 159.60541398163087 199
1757462468149 136.09800381589505 200
1757462468186 177.41900047232127 201
1757462468249 183.96636187147163 202
1757462468297 179.99099259343234 203
1757462468347 139.77185321636608 204
1757462468403 149.9663294487461 205
1757462468447 160.1202169066428 206
1757462468501 173.87685584696862 207
1757462468559 155.66430655519233 208
1757462468610 167.72969625685676 209
1757462468660 192.17945618645302 210
1757462468719 198.52360395714464 211
1757462468760 166.44506201883783 212
1757462468814 133.58218984499317 213
1757462468860 159.29296778975572 214
1757462468910 162.17732263627897 215
1757462468963 189.79858955398873 216
1757462468999 182.25260556999945 217
1757462469048 160.70760729188106 218
1757462469090 181.29755951896442 219
1757462469146 190.9222651819225 220
1757462469206 100.97168545979464 221
1757462469257 176.44190477325543 222
1757462469312 163.98013909625192 223
1757462469355 193.39526809288077 224
1757462469401 182.73183248522597 225
1757462469460 157.22098342099665 226
1757462469510 141.62397450343218 227
1757462469550 157.1793255992003 228
1757462469595 168.97227185051895 229
1757462469643 147.4685688743732 230
1757462469689 165.11532603029835 231
1757462469731 173.64102257830783 232
1757462469773 152.81373208459704 233
1757462469813 170.32369764874056 234
1757462469863 128.2307854370761 235
1757462469905 168.33338911616227 236
1757462469950 147.52273285772543 237
1757462469998 158.52351623088026 238
1757462470040 175.7676092309103 239
1757462470081 151.2344682701683 240
1757462470125 167.41113085672484 241
1757462470170 167.8520860307852 242
1757462470208 154.83497162748262 243
1757462470253 145.80167107714126 244
1757462470293 139.17160889308013 245
1757462470351 164.4642896621418 246
1757462470402 169.916925401991 247
1757462470446 178.09033517832404 248
1757462470481 165.8375285823396 249
1757462470525 168.04173081395314 250
1757462470559 163.62229864468296 251
1757462470601 172.0613740362103 252
1757462470646 161.78609928237947 253
1757462470685 160.1504890927933 254
1757462470728 192.97438117688415 255
1757462470777 174.24657332654613 256
1757462470823 138.96083825829479 257
1757462470864 139.10401819161402 258
1757462470915 188.15529067099413 259
1757462470975 182.16570085350102 260
1757462471038 117.68887753743931 261
1757462471085 179.41533730804233 262
1757462471131 183.74465052796873 263
1757462471185 147.56941882264027 264
1757462471241 161.87360702221793 265
1757462471303 152.69231129106072 266
1757462471355 169.0574636811542 267
1757462471412 192.19139499798695 268
1757462471477 161.2458997557033 269
1757462471521 176.1554169203736 270
1757462471569 162.75054066126435 271
1757462471607 154.2797468349922 272
1757462471660 168.26104831992788 273
1757462471703 172.490742870438 274
1757462471771 174.71882837829747 275
1757462471818 152.48717732181515 276
1757462471871 171.96198170377122 277
1757462471913 172.00134926713073 278
1757462471974 174.36358390664813 279
1757462472029 177.08253338231526 280
1757462472070 194.82226401214092 281
1757462472125 162.12906920588466 282
1757462472175 175.6325377040419 283
1757462472219 173.25827934959915 284
1757462472273 165.60216389873702 285
1757462472320 169.73459270389768 286
1757462472376 160.63486902233555 287
1757462472424 152.37690740401376 288
1757462472472 171.1735064729549 289
1757462472521 167.17419885966288 290
1757462472568 184.1195678246542 291
1757462472616 192.59823938350453 292
1757462472657 174.36490044820385 293
1757462472702 192.12200443196343 294
1757462472737 166.17777429947472 295
1757462472774 166.2189453507133 296
1757462472820 161.94466051839524 297
1757462472858 145.305647500672 298
1757462472903 151.61297119261278 299
1757462472942 173.49145590239837 300
1757462472977 180.33502276657876 301
1757462473013 170.33971891625242 302
1757462473049 150.79468422797228 303
1757462473089 151.3710638801553 304
1757462473129 154.0987642799032 305
1757462473170 159.6900642206678 306
1757462473219 159.14318361076158 307
1757462473261 117.96626345007853 308
1757462473307 183.30087588867968 309
1757462473341 147.77380986607366 310
1757462473377 147.5307397813257 311
1757462473419 198.90930757090612 312
1757462473459 130.4506533927108 313
1757462473496 140.6138019579684 314
1757462473531 152.18048180665636 315
1757462473578 160.1497345844958 316
1757462473622 161.01312139588714 317
1757462473673 135.82433361765442 318
1757462473718 190.69950890506502 319
1757462473772 172.78123814491386 320
1757462473840 142.59357590859338 321
1757462473897 172.37359735326154 322
1757462473946 148.52499207119507 323
1757462473999 184.69715531012938 324
1757462474045 157.59587046090792 325
1757462474090 152.88713545139157 326
1757462474137 92.09715135991063 327
1757462474185 162.964636136155 328
1757462474243 171.76201705630535 329
1757462474296 161.0920537416745 330
1757462474357 153.53827735105344 331
1757462474404 163.3252133236646 332
1757462474468 143.010729189767 333
1757462474528 163.67612879939352 334
1757462474584 139.08614656966296 335
1757462474627 167.30155410923433 336
1757462474667 181.4513505645144 337
1757462474708 166.66056199831738 338
1757462474756 195.53695864344797 339
1757462474803 186.03033272313652 340
1757462474855 174.71058006731727 341
1757462474925 161.7745435358953 342
1757462474984 191.69877744699824 343
1757462475023 191.43197068503918 344
1757462475085 157.26102887308897 345
1757462475122 158.0781821803341 346
1757462475173 163.35966757366805 347
1757462475235 183.74193181745622 348
1757462475274 143.1967003407881 349
1757462475324 160.9276088014221 350
1757462475383 172.55052922464603 351
1757462475433 130.6309063228747 352
1757462475482 147.57260278370214 353
1757462475536 173.78566241003446 354
1757462475599 158.62345885438174 355
1757462475653 163.8770015275791 356
1757462475705 197.5260508638758 357
1757462475753 157.92067474039695 358
1757462475790 174.96689658594607 359
1757462475844 146.27364362019415 360
1757462475891 197.4701469871321 361
1757462475946 173.63215711863205 362
1757462475998 189.3752044047434 363
1757462476034 189.75921324081293 364
1757462476082 187.63341894983645 365
1757462476119 163.80763328613514 366
1757462476168 177.59111038193421 367
1757462476216 156.5589613908741 368
1757462476308 147.78895240650655 369
1757462476366 168.6987773169251 370
1757462476451 137.93307062455253 371
1757462476501 175.3658032561571 372
1757462476548 195.1100877144227 373
1757462476594 160.22892898446096 374
1757462476634 160.4363670184657 375
1757462476686 141.44604329723427 376
1757462476736 179.15848650937164 377
1757462476778 160.07127855902345 378
1757462476825 139.3066792297684 379
1757462476864 191.4031171508194 380
1757462476916 178.7313266116628 381
1757462476956 165.54698094894343 382
1757462477026 132.45467726102413 383
1757462477076 147.864615492372 384
1757462477131 160.5553504613909 385
1757462477177 177.6645385048471 386
1757462477226 166.6880662927152 387
1757462477278 167.35733417353225 388
1757462477337 136.28378748105007 389
1757462477399 163.90162313862177 390
1757462477460 148.85344776351127 391
1757462477509 166.9247114823137 392
1757462477555 163.52490688786844 393
1757462477614 185.90358749592446 394
1757462477672 195.7203557593651 395
1757462477723 146.02202416232922 396
1757462477778 144.99804259481158 397
1757462477829 164.54185611733087 398
1757462477880 177.03635348872163 399
1757462477926 154.90097927289037 400
1757462477966 220.1510902289301 401
1757462478003 128.86670521540893 402
1757462478056 169.18113801995977 403
1757462478104 149.66448770520094 404
1757462478157 175.45023295094003 405
1757462478203 181.31155782216936 406
1757462478257 151.72834966311115 407
1757462478315 182.8347955493734 408
1757462478379 124.33119581236957 409
1757462478415 160.18552351913124 410
1757462478466 151.16707639030355 411
1757462478521 181.28404193112382 412
1757462478562 170.03251405870344 413
1757462478610 145.97659214141274 414
1757462478657 155.5736845682979 415
1757462478714 159.67912211092977 416
1757462478769 183.3279826234731 417
1757462478805 179.83615805205451 418
1757462478847 187.1047324394886 419
1757462478892 159.3982147960075 420
1757462478929 183.48592309346523 421
1757462478986 174.1770626213335 422
1757462479048 169.04190093998525 423
1757462479093 168.45963803134185 424
1757462479150 176.63947839696442 425
1757462479210 122.51870450025547 426
1757462479268 185.4637464086411 427
1757462479321 168.34027124073964 428
1757462479371 133.37540487288803 429
1757462479418 156.20213805461458 430
1757462479460 82.22478505653986 431
1757462479512 163.63124742217596 432
1757462479551 174.14142128979148 433
1757462479594 168.92563412352825 434
1757462479636 168.90167196159877 435
1757462479680 144.2396777443055 436
1757462479724 198.98257385391219 437
1757462479780 161.34971710971172 438
1757462479823 178.63235437495635 439
1757462479876 106.82236909558635 440
1757462479920 132.77076971692375 441
1757462479968 177.80458458038612 442
1757462480030 224.8082257053207 443
1757462480073 159.22343399236073 444
1757462480130 153.92465374604006 445
1757462480177 181.59099231962873 446
1757462480231 164.48534449952652 447
1757462480280 117.3616090429534 448
1757462480330 176.64985523953442 449
1757462480383 167.5203211380423 450
1757462480435 152.05466173429934 451
1757462480478 154.65279254762774 452
1757462480539 144.21273610261252 453
1757462480588 128.2553524472239 454
1757462480629 187.03021367800392 455
1757462480690 169.4998664095539 456
1757462480765 143.65301034635337 457
1757462480822 148.068836491823 458
1757462480879 147.02403582810825 459
1757462480932 126.97292630705383 460
1757462480988 161.41287428378533 461
1757462481031 225.08471782507 462
1757462481080 157.2780168510025 463
1757462481129 192.4879748251944 464
1757462481182 130.33625931271595 465
1757462481230 167.87244850512545 466
1757462481290 148.91579385010044 467
1757462481343 152.91263713042392 468
1757462481393 125.55159685468703 469
1757462481438 157.63380420053113 470
1757462481497 169.64033974350053 471
1757462481539 230.3061578037303 472
1757462481593 171.1043929245878 473
1757462481637 189.83805712400735 474
1757462481682 178.06937534845764 475
1757462481731 167.48676913907917 476
1757462481780 170.27804554306957 477
1757462481831 143.62685976519236 478
1757462481878 152.65156863651367 479
1757462481923 184.10023310892072 480
1757462481983 159.7817386551389 481
1757462482033 154.24047805055477 482
1757462482094 144.19482506348623 483
1757462482155 142.88027360758048 484
1757462482202 183.70431433104517 485
1757462482256 145.97271122652552 486
1757462482300 187.10148823930945 487
1757462482359 179.42954932369202 488
1757462482427 133.01220393556912 489
1757462482476 134.55588546509495 490
1757462482516 161.90554532650927 491
1757462482566 129.71641076567732 492
1757462482608 166.83387015938825 493
1757462482651 172.16802401000675 494
1757462482702 174.1104918351931 495
1757462482759 179.96410426461014 496
1757462482827 156.21856375140752 497
1757462482883 125.91149878722027 498
1757462482937 154.55136904007756 499
