1757463091357 178.35121010771044 0
1757463091420 208.52015198630968 1
1757463091489 236.46453527838898 2
1757463091548 51.70610377459951 3
1757463091625 57.08700825131417 4
1757463091691 2610.2483244545433 5
1757463091764 28812.59422758075 6
1757463091822 73090.90944935872 7
1757463091884 77028202.415355 8
1757463091948 10331419379.415838 9
1757463092014 103960205342.59422 10
1757463092072 11229102598711.75 11
1757463092133 2768084465033274.0 12
1757463092195 2.5655006211179348e+16 13
1757463092264 5.759928666875839e+16 14
1757463092333 7.841509862067378e+18 15
1757463092402 2.7736948977966596e+20 16
1757463092464 1.009589070870709e+21 17
1757463092528 4.602693911388776e+23 18
1757463092632 3.055363644403659e+25 19
1757463092700 2.256046070880922e+27 20
1757463092779 1.688312050136563e+26 21
1757463092844 2.68070280848389e+30 22
1757463092910 8.603229315694428e+31 23
1757463092972 2.166751701628496e+34 24
1757463093034 4.999338987903918e+35 25
1757463093101 2.7547240774622923e+36 26
1757463093159 2.6777326983786927e+38 27
1757463093220 5.723637789091597e+34 28
1757463093272 4.5288464728504044e+41 29
1757463093330 3.8431142331987386e+42 30
1757463093391 2.7575525319700977e+44 31
1757463093452 6.551576203340294e+45 32
1757463093539 4.162788592169833e+47 33
1757463093609 2.3385429330886697e+48 34
1757463093671 5.36139881695843e+50 35
1757463093752 5.233308144707561e+50 36
1757463093823 3.8724092085967196e+53 37
1757463093891 6.781119901471201e+53 38
1757463093958 5.451447763072338e+55 39
1757463094016 1.755456104257928e+58 40
1757463094094 9.55196388077137e+59 41
1757463094162 4.6036503248156406e+61 42
1757463094219 1.3802745654537928e+63 43
1757463094282 7.985052367607914e+64 44
1757463094360 1.6224930657343479e+66 45
1757463094419 5.40662246087706e+67 46
1757463094484 8.602577982405171e+68 47
1757463094550 2.871711179976414e+70 48
1757463094615 1.9048968877959905e+72 49
1757463094679 9.98880756393688e+73 50
1757463094741 4.566378087836023e+75 51
1757463094793 3.8856911307896655e+76 52
1757463094868 4.093912876626164e+78 53
1757463094939 2.1933951271905544e+80 54
1757463095014 5.949311172141847e+81 55
1757463095083 8.49166547045178e+82 56
1757463095149 1.0034286453260343e+85 57
1757463095208 1.106559504405169e+87 58
1757463095261 7.4573783707446905e+87 59
1757463095321 8.05369351633907e+89 60
1757463095396 1.1942149417198334e+92 61
1757463095465 6.779327717261267e+92 62
1757463095526 3.290812121836507e+94 63
1757463095594 6.949840337458197e+95 64
1757463095645 3.0143592305447066e+97 65
1757463095694 8.785462323880855e+97 66
1757463095759 3.1495467113514753e+100 67
1757463095824 1.471836723350481e+102 68
1757463095882 5.23391242122479e+103 69
1757463095940 2.514358793627047e+105 70
1757463096006 3.3468844176371236e+107 71
1757463096076 5.760829935714471e+106 72
1757463096149 1.4677211961635072e+110 73
1757463096229 8.89299178971465e+111 74
1757463096314 4.722762081208191e+113 75
1757463096379 1.4939555801606183e+115 76
1757463096446 1.4829995193570165e+116 77
1757463096518 3.892491854046591e+116 78
1757463096586 1.710792459269765e+119 79
1757463096688 2.402123948778184e+121 80
1757463096763 4.09635996503912e+122 81
1757463096830 1.5516822024070322e+125 82
1757463096971 3.3840435527778438e+125 83
1757463097039 1.7666758989046787e+127 84
1757463097098 1.528435984290197e+128 85
1757463097160 3.3796123836187047e+130 86
1757463097223 9.298277981828291e+131 87
1757463097290 1.6609586497820988e+134 88
1757463097353 2.2016159327266944e+134 89
1757463097407 4.4746291823386087e+136 90
1757463097468 8.428140150171623e+137 91
1757463097586 3.970126906268986e+138 92
1757463097650 1.6864480364557875e+141 93
1757463097713 4.930105118759175e+142 94
1757463097816 3.2743918058874015e+144 95
1757463097883 7.999153020465321e+143 96
1757463097957 1.8302080341089635e+147 97
1757463098034 4.250796690151471e+149 98
1757463098100 2.0903053612344466e+151 99
1757463098163 6.224219645929346e+151 100
1757463098233 6.905380803267493e+153 101
1757463098309 3.1062581345644893e+155 102
1757463098402 2.2891788395744674e+157 103
1757463098511 5.398297863053983e+158 104
1757463098597 1.4051618815432508e+158 105
1757463098718 9.151109572555602e+161 106
1757463098781 2.3452973809892564e+163 107
1757463098843 1.4976814942504095e+164 108
1757463098945 1.7190822980345903e+166 109
1757463099007 1.3813957241790216e+168 110
1757463099064 6.320146936477914e+169 111
1757463099120 2.4722505534443236e+170 112
1757463099181 3.295836326814617e+172 113
1757463099255 1.5652682401717723e+174 114
1757463099321 6.695952368697274e+176 115
1757463099397 1.7029013751793526e+177 116
1757463099466 8.190690953975003e+178 117
1757463099532 4.55374941187227e+180 118
1757463099601 2.6132037304812535e+182 119
1757463099670 4.1375512643501606e+183 120
1757463099731 1.0592546623552398e+185 121
1757463099798 1.0269568333324949e+187 122
1757463099858 8.270605586823396e+187 123
1757463099926 8.533454458356729e+189 124
1757463099985 9.556719381668607e+190 125
1757463100058 8.369171138841073e+192 126
1757463100124 6.217010924790226e+194 127
1757463100189 1.4442508793496584e+196 128
1757463100274 9.279335458080475e+197 129
1757463100345 1.1600275077319256e+200 130
1757463100422 5.827043097984839e+200 131
1757463100486 6.02366594625039e+202 132
1757463100554 3.270240776951803e+203 133
1757463100613 3.1743340122684497e+205 134
1757463100685 8.9730726639284e+206 135
1757463100768 3.2398477727624e+208 136
1757463100832 2.342856793894808e+210 137
1757463100899 1.022185660782492e+212 138
1757463100962 3.169777640385612e+213 139
1757463101021 4.939375312883875e+214 140
1757463101087 2.3666526404784274e+216 141
1757463101156 4.406847765777722e+216 142
1757463101225 1.6906278954028118e+219 143
1757463101285 5.382727915885467e+220 144
1757463101343 3.5855193482320445e+222 145
1757463101409 2.395816542051181e+225 146
1757463101463 5.4621274528820654e+225 147
1757463101519 4.060689205765339e+227 148
1757463101570 9.995365786174727e+228 149
1757463101652 6.832156257098004e+230 150
1757463101813 1.8506658472952263e+232 151
1757463101879 4.106853221887346e+232 152
1757463101954 1.0495284933530106e+235 153
1757463102071 4.243300458720726e+236 154
1757463102216 1.516219431468095e+238 155
1757463102278 1.8132435406622195e+240 156
1757463102347 7.517655723622118e+241 157
1757463102422 1.69900849209386e+241 158
1757463102492 2.1013639273854525e+244 159
1757463102546 2.0190647117424887e+245 160
1757463102599 6.44522443198744e+247 161
1757463102654 5.447531601167974e+248 162
1757463102713 1.272624364844157e+251 163
1757463102773 9.928203713038386e+250 164
1757463102831 1.3813745785534234e+254 165
1757463102899 9.660193603957056e+255 166
1757463102948 2.4748681119512683e+257 167
1757463103057 1.8967418917197307e+259 168
1757463103123 2.3406533466903354e+261 169
1757463103192 4.579779495457342e+261 170
1757463103260 5.714135994348494e+262 171
1757463103365 1.2510327839807065e+264 172
1757463103437 5.599180839183362e+265 173
1757463103504 6.5196057641235635e+268 174
1757463103577 2.370735927198261e+269 175
1757463103697 9.763694088378985e+270 176
1757463103778 2.7557703849189526e+272 177
1757463103861 7.82742040751332e+273 178
1757463103941 1.0546670759139364e+276 179
1757463104004 6.638569364249342e+277 180
1757463104090 1.2453407864254788e+279 181
1757463104192 2.0020927815835667e+280 182
1757463104287 9.809826716448249e+281 183
1757463104363 6.2878050676481e+282 184
1757463104438 2.647025769408635e+285 185
1757463104507 1.9325945815406985e+286 186
1757463104679 1.920901370057887e+288 187
1757463104768 1.166914823344076e+290 188
1757463104830 7.396822164786735e+291 189
1757463104914 2.1498863606249105e+293 190
1757463104997 5.830625411778916e+294 191
1757463105158 5.911230606747996e+296 192
1757463105269 4.7865885833905e+297 193
1757463105459 2.2520348507129074e+299 194
1757463105557 1.1875436023957908e+301 195
1757463105632 2.6879589461433438e+302 196
1757463105700 8.89448115662515e+303 197
1757463105765 2.791713350286041e+305 198
1757463105835 6.261885274445179e+306 199
