1757462516951 170.6520050456674 0
1757462516963 164.0474683567822 1
1757462516972 173.01835422281573 2
1757462516979 171.45884603847836 3
1757462516986 173.05908739950326 4
1757462517001 171.96699276306208 5
1757462517008 169.57588552222404 6
1757462517019 174.93281934118716 7
1757462517029 169.12272405747947 8
1757462517041 170.43588901213946 9
1757462517061 172.49527612027114 10
1757462517068 171.81948509385475 11
1757462517083 171.15727080336197 12
1757462517097 170.45620561216094 13
1757462517105 165.66129382513876 14
1757462517118 167.2039889015839 15
1757462517142 168.40323266601635 16
1757462517171 166.6984228275838 17
1757462517182 171.7406686587592 18
1757462517194 169.52273511491614 19
1757462517209 168.40351551235122 20
1757462517225 165.32022057473554 21
1757462517243 173.18484052040074 22
1757462517258 176.4712394860807 23
1757462517269 173.15485613831208 24
1757462517276 167.73576862159382 25
1757462517283 169.90625682353874 26
1757462517291 170.1988988082582 27
1757462517304 167.2814470350351 28
1757462517315 168.4828455451189 29
1757462517321 167.50652127545894 30
1757462517334 169.78984110496927 31
1757462517349 168.04137373035098 32
1757462517359 173.78311908118366 33
1757462517366 165.2895536832534 34
1757462517374 165.15529504901255 35
1757462517383 173.2101299145424 36
1757462517392 165.6059150215565 37
1757462517408 170.2520381276655 38
1757462517421 173.91720438765716 39
1757462517428 166.28840349534852 40
1757462517441 161.58182890400903 41
1757462517453 170.02924596302418 42
1757462517471 170.50063048992075 43
1757462517480 163.90508056918955 44
1757462517487 174.41634124971347 45
1757462517494 170.30945509204562 46
1757462517502 164.88445332889535 47
1757462517509 170.37002639202 48
1757462517517 169.83083535697205 49
1757462517525 171.98750750771592 50
1757462517542 172.28955339969028 51
1757462517555 173.36505773108846 52
1757462517569 164.6082617488624 53
1757462517580 170.55383581332703 54
1757462517587 176.21001588024586 55
1757462517594 169.0256137495765 56
1757462517603 173.55291889970442 57
1757462517611 169.25976698906996 58
1757462517625 166.58816355242237 59
1757462517634 166.5682833234041 60
1757462517642 165.1620146366639 61
1757462517655 171.3630806069444 62
1757462517662 173.68565814984942 63
1757462517674 168.35809980608133 64
1757462517682 169.82007087973082 65
1757462517691 166.0277939399683 66
1757462517703 168.1600044650715 67
1757462517716 167.39411811438276 68
1757462517729 175.84318556562698 69
1757462517737 167.45631017593038 70
1757462517745 170.3920114761814 71
1757462517760 171.6010782454285 72
1757462517770 169.11264413605696 73
1757462517777 173.32563478773972 74
1757462517793 166.64228534936296 75
1757462517801 169.0750477092039 76
1757462517811 195.2717585924825 77
1757462517822 172.03979950326737 78
1757462517831 170.6732328527029 79
1757462517846 168.84017081432833 80
1757462517859 170.86441803763933 81
1757462517869 165.77961678087956 82
1757462517883 168.2846004974038 83
1757462517897 167.21884887449934 84
1757462517908 168.71220190316788 85
1757462517916 169.63501422014997 86
1757462517939 173.25688008543528 87
1757462517950 175.2719160804932 88
1757462517968 171.55472496350424 89
1757462517983 164.19276763987958 90
1757462517990 168.8789516757111 91
1757462517999 170.2652811917464 92
1757462518008 162.39195707382828 93
1757462518020 171.17024860503523 94
1757462518030 164.42479049294738 95
1757462518038 166.72942278146124 96
1757462518047 169.29987575078962 97
1757462518056 170.2483865291228 98
1757462518065 169.45026249519591 99
1757462518073 167.678850266446 100
1757462518082 167.71812965081213 101
1757462518091 171.53425073018332 102
1757462518103 174.31220988875964 103
1757462518121 165.13232227304775 104
1757462518138 163.34746606646743 105
1757462518147 171.8303817618503 106
1757462518170 169.44619270666968 107
1757462518187 168.94803780655846 108
1757462518196 168.05599622098742 109
1757462518211 167.80119129813505 110
1757462518269 172.41938115608366 111
1757462518280 173.3779529441343 112
1757462518293 173.40570344962816 113
1757462518306 173.72182733520108 114
1757462518317 170.2634930847362 115
1757462518335 170.67513246437372 116
1757462518349 172.4705016188395 117
1757462518359 164.18792455803666 118
1757462518373 171.87519259036176 119
1757462518389 165.63138545967252 120
1757462518407 171.19165265669022 121
1757462518420 167.5958012079783 122
1757462518436 167.7311287437408 123
1757462518446 168.73311648010352 124
1757462518457 175.0146443556407 125
1757462518466 168.83073756364664 126
1757462518492 168.92104965393284 127
1757462518507 176.37804762393995 128
1757462518524 175.03246478249233 129
1757462518538 168.33597617941416 130
1757462518553 169.44725924804217 131
1757462518574 168.55126502286512 132
1757462518585 171.68716359898585 133
1757462518596 177.68537167534 134
1757462518621 171.04373487111644 135
1757462518639 167.5548395579095 136
