1757462930887 169.1616526957207 0
1757462930898 169.15740252780145 1
1757462930912 169.1493601980269 2
1757462930925 169.1379646969161 3
1757462930958 169.12363220940978 4
1757462931002 169.10675357331593 5
1757462931105 169.08769274575127 6
1757462931134 169.06678607553968 7
1757462931151 169.04434221234808 8
1757462931172 169.02064251132754 9
1757462931221 168.99594181586585 10
1757462931248 168.97046952133795 11
1757462931274 168.94443083995836 12
1757462931294 168.9180082014349 13
1757462931308 168.89136273646554 14
1757462931322 168.86463580052904 15
1757462931333 168.83795050417612 16
1757462931350 168.81141322336342 17
1757462931372 168.7851150694997 18
1757462931380 168.75913330396142 19
1757462931403 168.73353268604427 20
1757462931412 168.70836674677128 21
1757462931434 168.68367898379788 22
1757462931625 168.6595039749313 23
1757462931683 168.63586840960147 24
1757462931706 168.61279203906088 25
1757462931806 168.5902885472009 26
1757462931815 168.56836634472043 27
1757462931825 168.54702929000283 28
1757462931838 168.5262773404939 29
1757462931851 168.50610713865834 30
1757462931866 168.48651253675482 31
1757462931884 168.4674850647301 32
1757462931897 168.4490143455179 33
1757462931921 168.43108846194795 34
1757462931936 168.41369427934393 35
1757462931948 168.39681772772823 36
1757462931957 168.38044404736172 37
1757462931968 168.36455800114317 38
1757462931979 168.34914405717527 39
1757462931990 168.33418654458393 40
1757462932003 168.31966978545597 41
1757462932024 168.30557820553872 42
1757462932098 168.29189642613406 43
1757462932126 168.27860933940997 44
1757462932150 168.26570216915755 45
1757462932182 168.2531605188316 46
1757462932201 168.24097040853877 47
1757462932213 168.22911830246926 48
1757462932224 168.21759112811532 49
1757462932238 168.2063762884764 50
1757462932258 168.1954616683197 51
1757462932269 168.18483563544171 52
1757462932282 168.17448703776873 53
1757462932297 168.16440519703076 54
1757462932310 168.1545798996533 55
1757462932324 168.14500138542812 56
1757462932334 168.13566033445036 57
1757462932349 168.12654785274154 58
1757462932372 168.11765545691924 59
1757462932401 168.1089750582208 60
1757462932410 168.10049894614068 61
1757462932426 168.09221977190032 62
1757462932438 168.0841305319318 63
1757462932448 168.07622455152517 64
1757462932464 168.06849546876037 65
1757462932476 168.06093721882118 66
1757462932490 168.05354401876673 67
1757462932505 168.04631035281835 68
1757462932514 168.03923095820417 69
1757462932523 168.03230081158978 70
1757462932534 168.02551511611372 71
1757462932549 168.0188692890353 72
1757462932558 168.01235894999652 73
1757462932567 168.00597990989172 74
1757462932577 167.9997281603346 75
1757462932586 167.9935998637082 76
1757462932611 167.98759134377946 77
1757462932626 167.98169907685812 78
1757462932649 167.97591968347848 79
1757462932661 167.97024992057993 80
1757462932672 167.9646866741634 81
1757462932687 167.9592269523982 82
1757462932709 167.95386787915672 83
1757462932725 167.94860668795147 84
1757462932740 167.94344071625167 85
1757462932750 167.9383674001571 86
1757462932769 167.93338426940588 87
1757462932796 167.9284889426964 88
1757462932813 167.92367912330184 89
1757462932833 167.9189525949592 90
1757462932843 167.91430721801365 91
1757462932860 167.90974092580106 92
1757462932876 167.9052517212531 93
1757462932887 167.90083767370874 94
1757462932905 167.89649691591808 95
1757462932919 167.89222764122573 96
1757462932933 167.88802810092005 97
1757462932949 167.8838966017378 98
1757462932967 167.87983150351218 99
1757462932982 167.8758312169555 100
1757462933003 167.8718942015658 101
1757462933012 167.86801896364966 102
1757462933021 167.86420405445304 103
1757462933031 167.86044806839212 104
1757462933050 167.85674964137831 105
1757462933070 167.85310744923018 106
1757462933087 167.84952020616683 107
1757462933102 167.8459866633775 108
1757462933112 167.84250560766174 109
1757462933122 167.83907586013666 110
1757462933137 167.83569627500552 111
1757462933152 167.83236573838536 112
1757462933162 167.82908316718863 113
1757462933175 167.82584750805623 114
1757462933185 167.82265773633873 115
1757462933209 167.8195128551229 116
1757462933228 167.81641189430067 117
1757462933249 167.8133539096784 118
1757462933274 167.81033798212394 119
1757462933305 167.80736321674937 120
1757462933328 167.8044287421277 121
1757462933355 167.80153370954136 122
1757462933416 167.79867729226095 123
1757462933429 167.79585868485282 124
1757462933446 167.79307710251362 125
1757462933467 167.79033178043085 126
1757462933483 167.7876219731678 127
1757462933504 167.78494695407187 128
1757462933530 167.78230601470509 129
1757462933597 167.77969846429568 130
1757462933630 167.7771236292101 131
1757462933651 167.77458085244356 132
1757462933675 167.7720694931298 133
1757462933706 167.76958892606766 134
1757462933723 167.76713854126453 135
1757462933762 167.76471774349616 136
1757462933811 167.7623259518813 137
1757462933824 167.75996259947115 138
1757462933846 167.75762713285286 139
1757462933878 167.75531901176657 140
1757462933938 167.753037708735 141
1757462933959 167.7507827087058 142
1757462934065 167.7485535087054 143
1757462934084 167.74634961750436 144
1757462934109 167.7441705552938 145
1757462934126 167.74201585337204 146
1757462934160 167.73988505384153 147
1757462934187 167.73777770931542 148
1757462934232 167.73569338263334 149
1757462934254 167.73363164658642 150
1757462934273 167.7315920836506 151
1757462934291 167.72957428572857 152
1757462934306 167.72757785389948 153
1757462934323 167.72560239817633 154
1757462934355 167.72364753727135 155
1757462934372 167.7217128983675 156
1757462934510 167.71979811689795 157
1757462934539 167.71790283633163 158
1757462934556 167.71602670796517 159
1757462934578 167.7141693907213 160
1757462934592 167.71233055095328 161
1757462934608 167.7105098622547 162
1757462934624 167.70870700527536 163
1757462934635 167.70692166754208 164
1757462934652 167.70515354328515 165
1757462934665 167.70340233326957 166
1757462934680 167.70166774463104 167
1757462934696 167.69994949071702 168
1757462934738 167.69824729093204 169
1757462934767 167.69656087058743 170
1757462934785 167.69488996075546 171
1757462934809 167.69323429812763 172
1757462934823 167.69159362487662 173
1757462934844 167.68996768852247 174
1757462934867 167.68835624180224 175
1757462934900 167.68675904254349 176
1757462934912 167.68517585354118 177
1757462934934 167.6836064424378 178
1757462934956 167.6820505816071 179
1757462935002 167.6805080480408 180
1757462935048 167.6789786232384 181
1757462935079 167.67746209310013 182
1757462935101 167.67595824782254 183
1757462935114 167.67446688179714 184
1757462935139 167.67298779351165 185
1757462935153 167.67152078545413 186
1757462935166 167.6700656640191 187
1757462935183 167.66862223941683 188
1757462935196 167.66719032558467 189
1757462935214 167.66576974010064 190
1757462935234 167.66436030409983 191
1757462935249 167.66296184219212 192
1757462935267 167.66157418238296 193
1757462935283 167.6601971559956 194
1757462935301 167.65883059759568 195
1757462935319 167.65747434491755 196
1757462935341 167.6561282387927 197
1757462935381 167.65479212307986 198
1757462935394 167.65346584459695 199
1757462935409 167.652149253055 200
1757462935420 167.65084220099325 201
1757462935443 167.6495445437165 202
1757462935466 167.64825613923355 203
1757462935492 167.6469768481976 204
1757462935510 167.6457065338478 205
1757462935522 167.64444506195247 206
1757462935548 167.64319230075384 207
1757462935565 167.6419481209138 208
1757462935583 167.64071239546172 209
1757462935607 167.6394849997424 210
1757462935627 167.63826581136667 211
1757462935638 167.63705471016215 212
1757462935650 167.6358515781258 213
1757462935661 167.63465629937738 214
1757462935673 167.63346876011425 215
1757462935685 167.63228884856693 216
1757462935698 167.63111645495624 217
1757462935713 167.62995147145108 218
1757462935726 167.6287937921273 219
1757462935738 167.62764331292777 220
1757462935753 167.62649993162327 221
1757462935766 167.6253635477741 222
1757462935779 167.62423406269312 223
1757462935801 167.6231113794092 224
1757462935814 167.62199540263185 225
1757462935840 167.6208860387164 226
1757462935866 167.61978319563036 227
1757462935883 167.6186867829202 228
1757462935897 167.61759671167934 229
1757462935909 167.61651289451626 230
1757462935933 167.6154352455242 231
1757462935946 167.61436368025076 232
1757462935970 167.61329811566875 233
1757462935988 167.61223847014745 234
1757462936012 167.61118466342455 235
1757462936037 167.610136616579 236
1757462936062 167.60909425200416 237
1757462936074 167.60805749338155 238
1757462936092 167.60702626565555 239
1757462936106 167.60600049500846 240
1757462936126 167.60498010883597 241
1757462936143 167.6039650357235 242
1757462936163 167.60295520542286 243
1757462936178 167.60195054882954 244
1757462936202 167.6009509979605 245
1757462936221 167.59995648593224 246
1757462936238 167.59896694693992 247
1757462936256 167.59798231623614 248
1757462936283 167.59700253011104 249
1757462936332 167.5960275258721 250
1757462936364 167.59505724182497 251
1757462936395 167.59409161725435 252
1757462936417 167.59313059240537 253
1757462936436 167.5921741084655 254
1757462936465 167.59122210754686 255
1757462936506 167.59027453266862 256
1757462936552 167.58933132774013 257
1757462936606 167.5883924375443 258
1757462936666 167.58745780772128 259
1757462936689 167.5865273847525 260
1757462936733 167.58560111594514 261
1757462936749 167.5846789494169 262
1757462936768 167.58376083408103 263
1757462936787 167.58284671963168 264
1757462936800 167.58193655652974 265
1757462936819 167.58103029598877 266
1757462936841 167.58012788996123 267
1757462936863 167.5792292911252 268
1757462936880 167.57833445287122 269
1757462936896 167.57744332928948 270
1757462936915 167.57655587515714 271
1757462936957 167.57567204592596 272
1757462936985 167.57479179771056 273
1757462937001 167.57391508727628 274
1757462937029 167.57304187202772 275
1757462937078 167.57217210999747 276
1757462937109 167.57130575983493 277
1757462937142 167.57044278079553 278
1757462937162 167.56958313273006 279
1757462937182 167.56872677607416 280
1757462937213 167.56787367183813 281
1757462937238 167.56702378159727 282
1757462937254 167.56617706748136 283
1757462937268 167.56533349216573 284
1757462937292 167.5644930188616 285
1757462937307 167.56365561130667 286
1757462937324 167.56282123375647 287
1757462937343 167.5619898509752 288
1757462937364 167.56116142822708 289
1757462937381 167.56033593126804 290
1757462937402 167.5595133263371 291
1757462937420 167.55869358014857 292
1757462937439 167.55787665988353 293
1757462937461 167.55706253318252 294
1757462937475 167.55625116813735 295
1757462937510 167.55544253328392 296
1757462937580 167.55463659759465 297
1757462937608 167.55383333047124 298
1757462937632 167.5530327017375 299
1757462937653 167.5522346816325 300
1757462937670 167.55143924080363 301
1757462937690 167.5506463502999 302
1757462937705 167.5498559815654 303
1757462937724 167.54906810643263 304
1757462937748 167.54828269711666 305
1757462937777 167.54749972620834 306
1757462937797 167.54671916666845 307
1757462937832 167.5459409918219 308
1757462937856 167.54516517535166 309
1757462937876 167.54439169129284 310
1757462937908 167.54362051402745 311
1757462937930 167.5428516182786 312
1757462937943 167.54208497910503 313
1757462937963 167.54132057189585 314
1757462937990 167.54055837236544 315
1757462938007 167.53979835654795 316
1757462938027 167.53904050079268 317
1757462938042 167.53828478175876 318
1757462938063 167.5375311764106 319
1757462938081 167.53677966201286 320
1757462938106 167.53603021612585 321
1757462938128 167.53528281660104 322
1757462938154 167.53453744157645 323
1757462938183 167.53379406947218 324
1757462938198 167.5330526789861 325
1757462938214 167.53231324908964 326
1757462938238 167.53157575902355 327
1757462938256 167.53084018829358 328
1757462938275 167.53010651666688 329
1757462938299 167.52937472416758 330
1757462938339 167.52864479107313 331
1757462938364 167.52791669791034 332
1757462938388 167.52719042545183 333
1757462938415 167.52646595471205 334
1757462938447 167.5257432669438 335
1757462938468 167.52502234363462 336
1757462938493 167.52430316650342 337
1757462938507 167.52358571749673 338
1757462938530 167.52286997878562 339
1757462938552 167.5221559327622 340
1757462938570 167.5214435620364 341
1757462938585 167.5207328494329 342
1757462938599 167.52002377798763 343
1757462938614 167.51931633094506 344
1757462938634 167.51861049175483 345
1757462938654 167.5179062440689 346
1757462938677 167.51720357173878 347
1757462938690 167.51650245881223 348
1757462938714 167.51580288953076 349
1757462938738 167.5151048483267 350
1757462938766 167.5144083198205 351
1757462938795 167.51371328881785 352
1757462938809 167.51301974030747 353
1757462938835 167.51232765945784 354
1757462938867 167.51163703161524 355
1757462938890 167.51094784230094 356
1757462938905 167.51026007720867 357
1757462938919 167.50957372220228 358
1757462938933 167.50888876331337 359
1757462938947 167.50820518673893 360
1757462938964 167.5075229788389 361
1757462938983 167.5068421261339 362
1757462939001 167.50616261530323 363
1757462939032 167.50548443318226 364
1757462939060 167.50480756676058 365
1757462939095 167.50413200317985 366
1757462939142 167.50345772973142 367
1757462939163 167.50278473385458 368
1757462939180 167.5021130031343 369
1757462939195 167.50144252529947 370
1757462939209 167.50077328822059 371
1757462939226 167.50010527990815 372
1757462939241 167.4994384885106 373
1757462939256 167.49877290231242 374
1757462939272 167.49810850973236 375
1757462939287 167.4974452993216 376
1757462939303 167.49678325976194 377
1757462939318 167.49612237986406 378
1757462939333 167.49546264856582 379
1757462939350 167.49480405493046 380
1757462939368 167.494146588145 381
1757462939394 167.49349023751864 382
1757462939427 167.49283499248102 383
1757462939448 167.49218084258064 384
1757462939473 167.49152777748344 385
1757462939511 167.490875786971 386
1757462939533 167.49022486093912 387
1757462939593 167.48957498939652 388
1757462939616 167.48892616246306 389
1757462939639 167.48827837036833 390
1757462939657 167.48763160345052 391
1757462939684 167.4869858521545 392
1757462939712 167.486341107031 393
1757462939734 167.48569735873468 394
1757462939760 167.48505459802328 395
1757462939814 167.48441281575592 396
1757462939846 167.48377200289204 397
1757462939874 167.4831321504899 398
1757462939892 167.48249324970556 399
1757462939911 167.48185529179136 400
1757462939935 167.481218268095 401
1757462939959 167.48058217005791 402
1757462939980 167.47994698921457 403
1757462940006 167.4793127171908 404
1757462940047 167.4786793457031 405
1757462940072 167.47804686655715 406
1757462940094 167.47741527164675 407
1757462940115 167.47678455295303 408
1757462940149 167.47615470254274 409
1757462940181 167.47552571256784 410
1757462940205 167.47489757526398 411
1757462940232 167.47427028294965 412
1757462940251 167.4736438280251 413
1757462940291 167.47301820297136 414
1757462940321 167.47239340034926 415
1757462940348 167.4717694127983 416
1757462940370 167.47114623303588 417
1757462940394 167.47052385385618 418
1757462940421 167.46990226812932 419
1757462940459 167.4692814688004 420
1757462940475 167.4686614488886 421
1757462940491 167.4680422014862 422
1757462940516 167.4674237197578 423
1757462940543 167.46680599693934 424
1757462940560 167.46618902633736 425
1757462940587 167.465572801328 426
1757462940604 167.4649573153563 427
1757462940632 167.46434256193524 428
1757462940668 167.46372853464496 429
1757462940689 167.4631152271321 430
1757462940713 167.46250263310887 431
1757462940736 167.46189074635214 432
1757462940767 167.46127956070293 433
1757462940791 167.46066907006556 434
1757462940818 167.46005926840678 435
1757462940845 167.45945014975518 436
1757462940860 167.45884170820034 437
1757462940894 167.45823393789223 438
1757462940917 167.45762683304042 439
1757462940940 167.4570203879134 440
1757462940961 167.4564145968378 441
1757462940982 167.45580945419795 442
1757462941002 167.45520495443492 443
1757462941026 167.4546010920461 444
1757462941056 167.45399786158427 445
1757462941083 167.45339525765735 446
1757462941114 167.45279327492733 447
1757462941141 167.4521919081099 448
1757462941174 167.4515911519739 449
1757462941196 167.45099100134036 450
1757462941223 167.4503914510823 451
1757462941260 167.4497924961239 452
1757462941286 167.44919413143995 453
1757462941303 167.4485963520553 454
1757462941330 167.4479991530443 455
1757462941354 167.44740252953017 456
1757462941385 167.44680647668451 457
1757462941416 167.44621098972672 458
1757462941443 167.44561606392352 459
1757462941482 167.4450216945883 460
1757462941509 167.4444278770806 461
1757462941535 167.44383460680575 462
1757462941552 167.44324187921427 463
1757462941568 167.44264968980116 464
1757462941590 167.4420580341058 465
1757462941633 167.44146690771103 466
1757462941661 167.44087630624304 467
1757462941680 167.4402862253706 468
1757462941700 167.43969666080477 469
1757462941729 167.4391076082983 470
1757462941754 167.43851906364526 471
1757462941786 167.43793102268054 472
1757462941809 167.43734348127944 473
1757462941838 167.43675643535713 474
1757462941881 167.43616988086825 475
1757462941905 167.43558381380666 476
1757462941933 167.43499823020468 477
1757462941972 167.4344131261329 478
1757462942005 167.4338284976997 479
1757462942025 167.43324434105077 480
1757462942061 167.43266065236884 481
1757462942102 167.4320774278732 482
1757462942131 167.43149466381925 483
1757462942158 167.43091235649817 484
1757462942174 167.43033050223661 485
1757462942191 167.42974909739613 486
1757462942215 167.4291681383729 487
1757462942231 167.42858762159736 488
1757462942247 167.42800754353394 489
1757462942269 167.4274279006804 490
1757462942295 167.42684868956778 491
1757462942317 167.42626990675993 492
1757462942335 167.425691548853 493
1757462942359 167.42511361247543 494
1757462942383 167.42453609428733 495
1757462942408 167.4239589909802 496
1757462942430 167.4233822992767 497
1757462942460 167.42280601593023 498
1757462942480 167.42223013772454 499
