1757462841722 172.5808049165398 0
1757462841737 171.83759247777894 1
1757462841748 166.5344218222739 2
1757462841760 166.1024891390564 3
1757462841770 164.71491700063893 4
1757462841782 168.87270133816952 5
1757462841795 170.17368301342748 6
1757462841805 167.98109050227552 7
1757462841812 164.15790432046498 8
1757462841820 169.99967097551087 9
1757462841845 163.0044501316185 10
1757462841867 174.4905694433913 11
1757462841875 166.90214920296683 12
1757462841911 164.41288307389448 13
1757462841936 173.16747407056417 14
1757462841945 170.18672617396135 15
1757462841970 168.78068729329988 16
1757462841986 168.57771162659907 17
1757462841998 170.74743035137786 18
1757462842014 169.19852196578557 19
1757462842034 176.7500082727463 20
1757462842042 166.6928323998283 21
1757462842056 166.4536248265811 22
1757462842065 166.60670279912668 23
1757462842074 170.89793975135908 24
1757462842082 168.515146146805 25
1757462842092 174.9112334952645 26
1757462842102 171.0303116616088 27
1757462842110 172.19065841891387 28
1757462842119 165.94901219585037 29
1757462842128 162.43289808248775 30
1757462842140 164.5154918045648 31
1757462842148 169.42352794960973 32
1757462842156 168.6156090783525 33
1757462842163 160.38995922859087 34
1757462842171 171.9942194277839 35
1757462842179 166.79618712436638 36
1757462842188 161.96066831148346 37
1757462842206 170.45452956473295 38
1757462842219 164.6843598137599 39
1757462842239 171.2461046535233 40
1757462842259 168.26283718671982 41
1757462842270 163.94717681389318 42
1757462842283 174.7430688897991 43
1757462842294 171.75619229764143 44
1757462842307 168.0967691505179 45
1757462842321 169.26100655924202 46
1757462842328 164.25790400537156 47
1757462842342 162.88951590875794 48
1757462842354 172.7757895935598 49
1757462842366 166.94848381902213 50
1757462842376 162.32207522038726 51
1757462842388 167.29896282698897 52
1757462842402 165.04558823460619 53
1757462842412 162.25098722649466 54
1757462842420 173.31121016200913 55
1757462842437 164.9835818353355 56
1757462842451 174.07307080887986 57
1757462842461 172.61163214520204 58
1757462842481 171.9110324363279 59
1757462842490 160.32427353598797 60
1757462842499 163.16956852212874 61
1757462842507 168.59221460851066 62
1757462842531 164.56025074893375 63
1757462842549 166.51504870180338 64
1757462842567 165.66737578025248 65
1757462842575 170.59228719168547 66
1757462842583 167.218348431875 67
1757462842598 166.14999760123717 68
1757462842607 167.3214615840208 69
1757462842616 167.57366747243617 70
1757462842625 161.90530374669063 71
1757462842641 158.70823055348774 72
1757462842652 170.4699692462503 73
1757462842668 164.74091470160354 74
1757462842678 175.29284257612034 75
1757462842687 165.31548954126384 76
1757462842700 165.23246338664902 77
1757462842716 165.80974657001548 78
1757462842727 167.23973211767728 79
1757462842737 171.04121186544978 80
1757462842746 171.07197984201645 81
1757462842769 166.4209136245668 82
1757462842782 165.866875231236 83
1757462842794 159.99721332389015 84
1757462842811 164.26892068095708 85
1757462842820 165.03648142859734 86
1757462842829 165.49652160400095 87
1757462842838 166.5780555677881 88
1757462842848 165.714067437643 89
1757462842863 163.30717626368005 90
1757462842880 170.5520511159338 91
1757462842893 159.48670453872566 92
1757462842909 173.83265210317117 93
1757462842922 168.59968897929713 94
1757462842934 160.0803855775751 95
1757462842947 161.67929922495497 96
1757462843012 160.76081021865963 97
1757462843027 163.04074557623807 98
1757462843043 163.38684045222098 99
1757462843058 167.87607743296817 100
1757462843068 166.123513712818 101
1757462843077 169.4937989340463 102
1757462843086 170.0045007611036 103
1757462843103 162.50939665950506 104
1757462843113 161.84486146869088 105
1757462843124 167.89045196276533 106
1757462843139 161.97735991916028 107
1757462843154 168.95419328026114 108
1757462843165 164.40090407599976 109
1757462843173 168.7817338487835 110
1757462843185 169.61897400661056 111
1757462843207 161.45195979582812 112
1757462843219 165.72920402922298 113
1757462843232 166.08309666492863 114
1757462843243 166.94691677509545 115
1757462843262 163.95511480967707 116
1757462843283 169.71026299784012 117
1757462843294 162.1301568188901 118
1757462843310 156.47148351178993 119
1757462843326 170.81669592589319 120
1757462843342 161.25961684234878 121
1757462843352 169.0002706250885 122
1757462843362 161.5320077313255 123
1757462843374 164.88734421241665 124
1757462843390 156.36186098123514 125
1757462843405 168.187910678129 126
1757462843428 162.1700210550106 127
1757462843439 162.39660397717338 128
1757462843455 161.17761049702412 129
1757462843468 168.9000695060103 130
1757462843482 163.47684312645646 131
1757462843498 165.0898114830333 132
1757462843508 162.29880536002204 133
1757462843522 167.2598040095757 134
1757462843536 161.688774687279 135
1757462843548 161.06159110384132 136
1757462843565 167.0957088180277 137
1757462843574 156.76394415843413 138
1757462843584 160.09184150602093 139
1757462843597 161.17590298947098 140
1757462843613 165.05080950449067 141
1757462843623 161.8245149108998 142
1757462843647 166.57562211871465 143
1757462843656 166.12091789632453 144
1757462843678 168.93042448040003 145
1757462843703 162.53846971113765 146
1757462843714 158.2103148216015 147
1757462843728 160.1759550422261 148
1757462843755 157.11753183842117 149
1757462843771 156.96210596625042 150
1757462843788 167.1579595797199 151
1757462843797 160.28947623554322 152
1757462843823 171.21045650600232 153
1757462843840 164.98851645923983 154
1757462843857 168.30497535477744 155
1757462843867 166.73483371426815 156
1757462843880 166.46463722041955 157
1757462843897 160.4941795822397 158
1757462843910 165.47838301879713 159
1757462843921 163.36172918256736 160
1757462843940 159.03482764369127 161
1757462843968 162.37278320244465 162
1757462843982 167.13958254079625 163
1757462843992 166.5871566036323 164
1757462844011 160.31410090079933 165
1757462844031 164.01054455951046 166
1757462844047 165.36628713776847 167
1757462844059 163.7533405377755 168
1757462844069 158.9303231304945 169
1757462844080 163.11768069397667 170
1757462844095 157.1789342242608 171
1757462844113 160.7731257993188 172
1757462844125 158.80443731163732 173
1757462844140 165.79162116493356 174
1757462844160 156.55122597596082 175
1757462844178 161.7179598833114 176
1757462844198 163.56616160047446 177
1757462844211 163.5515380214295 178
1757462844222 166.45397086088707 179
1757462844235 159.84769064401365 180
1757462844246 159.22752401385677 181
1757462844256 164.18599742463147 182
1757462844267 166.14521114457023 183
1757462844278 164.5353064606629 184
1757462844289 163.52883105024475 185
1757462844300 164.6246575123136 186
1757462844312 163.5919539870593 187
1757462844328 159.47557789254077 188
1757462844340 160.9481379048122 189
1757462844350 158.25772526019293 190
1757462844363 160.90971316991116 191
1757462844374 162.79344209571732 192
1757462844385 164.95048385858468 193
1757462844400 164.4284387681327 194
1757462844415 162.8720873284042 195
1757462844427 165.19744055053872 196
1757462844439 164.68995846818123 197
1757462844457 166.63427461837765 198
1757462844480 159.89458174609751 199
1757462844491 162.6215849878314 200
1757462844504 155.56031068825104 201
1757462844520 162.24272038424303 202
1757462844555 155.63789315980634 203
1757462844582 163.69374933244004 204
1757462844596 157.53721366184615 205
1757462844612 158.5000474165022 206
1757462844635 156.5984486195932 207
1757462844658 163.2965871225718 208
1757462844671 156.7058680878773 209
1757462844700 157.71142916789933 210
1757462844723 161.0577873534195 211
1757462844739 157.2036346281249 212
1757462844767 161.28076170772667 213
1757462844786 157.68228583601916 214
1757462844812 164.04528574492028 215
1757462844824 162.25025995023756 216
1757462844843 164.23504915106528 217
1757462844883 158.4237728807968 218
1757462844894 163.84774916287557 219
1757462844905 156.69625863339385 220
1757462844917 162.7556885019433 221
1757462844936 158.31189449038004 222
1757462844949 165.69334519773477 223
1757462844961 160.19897408917623 224
1757462844973 161.52415283432805 225
1757462844993 160.5096948559115 226
1757462845012 162.33721541955185 227
1757462845029 159.02677603370265 228
1757462845049 165.8564263543707 229
1757462845064 159.37034846596737 230
1757462845080 154.84594837286218 231
1757462845104 171.5091649919642 232
1757462845115 154.87590321585446 233
1757462845130 158.35297606682778 234
1757462845152 160.5622435273161 235
1757462845179 163.2330894162075 236
1757462845200 161.8773065542265 237
1757462845223 161.27012512462463 238
1757462845239 160.28777535303067 239
1757462845268 155.37542356677562 240
1757462845283 161.8726521130187 241
1757462845301 156.84958590641492 242
1757462845322 187.55011531528098 243
1757462845356 167.82600670505602 244
1757462845367 162.43666909706917 245
1757462845386 158.68923142338198 246
1757462845400 156.94035147232586 247
1757462845423 159.3607250966715 248
1757462845436 155.26428974974064 249
1757462845451 161.18189236394187 250
1757462845470 158.10760768986282 251
1757462845488 159.4461163938111 252
1757462845506 151.9416623094777 253
1757462845521 162.5176739770243 254
1757462845536 160.66443724327078 255
1757462845554 161.81994851199158 256
1757462845569 159.44781840576803 257
1757462845589 155.2206906094313 258
1757462845610 161.1290743198109 259
1757462845622 157.6677993336108 260
1757462845640 164.49580488705024 261
1757462845655 164.07689057273518 262
1757462845682 158.73578269582424 263
1757462845705 157.5081603407563 264
1757462845720 160.09578282856583 265
1757462845741 157.0080818670123 266
1757462845769 158.84600240993967 267
1757462845793 156.45210326913852 268
1757462845812 160.53164471870437 269
1757462845824 158.49724665604236 270
1757462845848 151.46585830009312 271
1757462845871 158.5983674862615 272
1757462845889 159.0276020314502 273
1757462845910 165.8759279676699 274
1757462845927 155.60894940025383 275
1757462845939 158.95283129811426 276
1757462845966 163.39699639171755 277
1757462845997 163.3422669300523 278
1757462846049 161.24897402103926 279
1757462846071 155.4349690519224 280
1757462846087 158.07975871181077 281
1757462846104 184.53258379730323 282
1757462846117 163.99413911939502 283
1757462846134 149.37181342143316 284
1757462846150 150.6872535279892 285
1757462846170 161.57533786063783 286
1757462846195 162.21230971853709 287
1757462846207 166.36738517573926 288
1757462846230 158.57643142009127 289
1757462846260 159.43687622250795 290
1757462846292 153.5538651327755 291
1757462846331 161.08056358063234 292
1757462846343 158.69963876058165 293
1757462846381 157.79362288687759 294
1757462846397 159.58603786103106 295
1757462846416 165.37297984497252 296
1757462846436 159.1596084110491 297
1757462846457 159.8015349071091 298
1757462846474 157.34996923111842 299
1757462846501 156.43857258777155 300
1757462846515 152.92779755135263 301
1757462846534 157.58556071295146 302
1757462846578 153.61839434085928 303
1757462846605 159.76742492182836 304
1757462846630 160.95371670213834 305
1757462846650 153.65753792081273 306
1757462846663 155.94197442639 307
1757462846681 159.2921728317533 308
1757462846707 149.8113044013712 309
1757462846720 154.20764278016281 310
1757462846740 158.82616476815565 311
1757462846759 162.81540127371917 312
1757462846777 161.9275612396152 313
1757462846800 160.7304691406678 314
1757462846820 161.6882280428823 315
1757462846845 161.86148904464426 316
1757462846860 159.95384818441457 317
1757462846886 159.14302554701067 318
1757462846912 158.85520101134296 319
1757462846937 154.60190139276924 320
1757462846950 160.44576673362192 321
1757462846974 160.00084298067975 322
1757462846991 156.1404856919614 323
1757462847008 153.2675992122703 324
1757462847023 154.5568154452854 325
1757462847037 158.0919078713848 326
1757462847054 149.54292477626544 327
1757462847069 156.85757718425654 328
1757462847088 162.04074074626374 329
1757462847108 162.6977035400567 330
1757462847121 157.91377350583468 331
1757462847145 159.31760671447287 332
1757462847161 153.56033598205357 333
1757462847183 154.91352131904668 334
1757462847203 156.09146351381824 335
1757462847216 166.16282522465534 336
1757462847249 157.9913594039743 337
1757462847268 161.87562514791554 338
1757462847283 184.61015701783404 339
1757462847316 158.67302734401002 340
1757462847336 154.60405622590605 341
1757462847356 157.79759063917544 342
1757462847376 163.05450737573847 343
1757462847410 156.79262310582197 344
1757462847424 151.56418224018805 345
1757462847443 154.81715009715958 346
1757462847469 158.14081183666153 347
1757462847487 164.6408192038783 348
1757462847503 160.05184126961456 349
1757462847525 159.5559448178873 350
1757462847541 153.67668954298603 351
1757462847561 154.50053392475462 352
1757462847590 156.37804268538548 353
1757462847609 156.6913650315876 354
1757462847622 161.339355791156 355
1757462847640 159.71717673311684 356
1757462847665 156.70585329800414 357
1757462847686 156.68782723760057 358
1757462847706 160.0753926672874 359
1757462847729 154.48983445930222 360
1757462847754 158.31811155702238 361
1757462847773 156.15140751536728 362
1757462847794 155.39959895538635 363
1757462847819 156.52133164653947 364
1757462847844 162.32047475004669 365
1757462847859 160.1280749114534 366
1757462847874 158.4425473102464 367
1757462847905 162.74790078369696 368
1757462847930 159.71112866123514 369
1757462847950 159.22243360784125 370
1757462847976 155.00963304103183 371
1757462847994 157.16172234338464 372
1757462848015 154.30543614794777 373
1757462848044 151.15270955574638 374
1757462848073 167.0295166492277 375
1757462848093 157.02863821808344 376
1757462848109 149.56140948623414 377
1757462848133 159.46532043159888 378
1757462848160 159.64012742884154 379
1757462848179 157.23048260801164 380
1757462848199 160.93171402953703 381
1757462848219 161.21558321335408 382
1757462848233 162.4399201767109 383
1757462848251 160.61097666267477 384
1757462848278 155.0226861365282 385
1757462848298 156.7899632818359 386
1757462848318 155.6195082007381 387
1757462848337 156.42440387979406 388
1757462848356 155.14361224409922 389
1757462848382 153.40802549574497 390
1757462848403 156.71314609828642 391
1757462848436 153.36749662877116 392
1757462848467 162.15157165584122 393
1757462848495 149.82689534381205 394
1757462848523 160.36619829334245 395
1757462848544 156.72130744990073 396
1757462848567 163.68932593840248 397
1757462848582 152.07673696852873 398
1757462848597 159.8202323893888 399
1757462848624 161.50391260160268 400
1757462848664 159.34666308206482 401
1757462848683 151.87823603272304 402
1757462848698 160.67400710927654 403
1757462848720 161.2441161150455 404
1757462848736 152.28802678379375 405
1757462848762 158.80699436009982 406
1757462848780 156.13271778106107 407
1757462848805 161.88518272754803 408
1757462848828 161.0057316467004 409
1757462848845 155.03668958546635 410
1757462848876 156.4126821108054 411
1757462848907 158.19717749669317 412
1757462848932 154.83396484087532 413
1757462848963 153.0895982952224 414
1757462848977 159.18434339419733 415
1757462848993 157.69509026078407 416
1757462849013 153.6349884266043 417
1757462849036 155.55112222896918 418
1757462849064 158.61886062696493 419
1757462849080 158.70381977792917 420
1757462849095 154.90449619899078 421
1757462849114 153.47144402186024 422
1757462849137 159.01305933793287 423
1757462849165 159.8389356405196 424
1757462849182 159.41820522054925 425
1757462849212 181.98554589171277 426
1757462849246 154.6250374547779 427
1757462849261 152.81706334038682 428
1757462849290 157.41595635184567 429
1757462849309 159.58606625924295 430
1757462849331 157.00880093682264 431
1757462849367 155.52564155044618 432
1757462849391 158.30663673152046 433
1757462849406 154.91925158514982 434
1757462849482 159.7335993080912 435
1757462849514 156.55415791909843 436
1757462849538 164.86594024092392 437
1757462849559 158.2054483437672 438
1757462849580 157.19887568559545 439
1757462849604 157.64597551371642 440
1757462849623 163.65818302238577 441
1757462849639 155.96156561455845 442
1757462849662 158.74306134619536 443
1757462849683 159.09949294642234 444
1757462849704 158.85466839006907 445
1757462849729 157.65307531056544 446
1757462849771 159.78209450001506 447
1757462849797 154.52928057852785 448
1757462849826 162.95020587520537 449
1757462849846 157.5919202247381 450
1757462849871 149.6416788956432 451
1757462849898 159.23217367582328 452
1757462849923 153.97298155071326 453
1757462849945 152.9593797774209 454
1757462849967 161.18423043443997 455
1757462849989 154.08554481955434 456
1757462850019 153.59889655897896 457
1757462850042 154.87773247394634 458
1757462850080 146.81514811352608 459
1757462850105 156.69747096059209 460
1757462850132 150.91701259615084 461
1757462850162 153.71952287384352 462
1757462850192 150.5141913158707 463
1757462850228 160.17961464977117 464
1757462850259 160.1002386119921 465
1757462850292 151.45139691134113 466
1757462850319 155.58815340280725 467
1757462850342 153.11787775402544 468
1757462850366 157.30758754857203 469
1757462850392 146.43606263534454 470
1757462850411 149.00464015694453 471
1757462850430 155.36171758067326 472
1757462850461 158.2473332626654 473
1757462850492 153.69499235669417 474
1757462850513 154.62501111698856 475
1757462850529 145.05514306821811 476
1757462850556 152.45746958519086 477
1757462850573 159.0705196998782 478
1757462850589 150.09867902527 479
1757462850606 160.05857634737433 480
1757462850631 152.81339118805963 481
1757462850667 159.76818432272862 482
1757462850707 153.48835894619344 483
1757462850731 157.7330061614717 484
1757462850755 147.86742345619993 485
1757462850787 153.76272180496028 486
1757462850812 153.23123940670425 487
1757462850837 152.85237895588503 488
1757462850858 144.79703443308117 489
1757462850903 153.4568789272276 490
1757462850922 149.1260451228878 491
1757462850948 151.8111041232117 492
1757462850982 157.07205576646933 493
1757462851011 154.11119625163317 494
1757462851028 151.72636722456141 495
1757462851045 155.453922073855 496
1757462851063 155.8766569282101 497
1757462851086 154.93874806740143 498
1757462851118 158.58547266608986 499
