1757462313322 276713871961.3313 0
1757462313361 8.688746256957809e+19 1
1757462313397 2.1688977969709213e+29 2
1757462313436 1.598310480874452e+39 3
1757462313474 1.9553633536366456e+52 4
1757462313509 5.31608853825384e+63 5
1757462313562 2.250319131467594e+76 6
1757462313608 1.4920991770026855e+86 7
1757462313641 1.7732115116941448e+97 8
1757462313685 1.1246613666053003e+107 9
1757462313721 1.345306668004188e+121 10
1757462313778 2.399555312338573e+131 11
1757462313824 1.2753686648320782e+138 12
1757462313869 1.6180435434234977e+151 13
1757462313905 9.872997027919493e+164 14
1757462313964 3.7620713346211204e+172 15
1757462314016 3.067314236212807e+185 16
1757462314059 8.819336753560373e+195 17
1757462314092 1.9660932871081958e+200 18
1757462314125 4.1816531786472407e+217 19
1757462314157 9.344177185046178e+228 20
1757462314186 1.0140365109105677e+240 21
1757462314230 5.001184321287153e+248 22
1757462314261 7.346013502350083e+257 23
1757462314305 3.7703132199751095e+270 24
1757462314353 1.0257404057753081e+281 25
1757462314408 3.150169970600983e+289 26
1757462314460 7.614791733224488e+298 27
1757462314517 inf 28
1757462314571 inf 29
