1757462607207 5980537924.506589 0
1757462607262 2.0444889374606476e+21 1
1757462607306 5.925808717398251e+31 2
1757462607354 3.0397013926542122e+41 3
1757462607410 1.4416802332898085e+53 4
1757462607448 3.2911899934319463e+65 5
1757462607518 1.328574834542918e+77 6
1757462607585 1.5270983112232605e+87 7
1757462607645 7.073366203008992e+97 8
1757462607694 3.342877287467913e+109 9
1757462607744 2.5486941724119585e+119 10
1757462607799 2.591624625773435e+130 11
1757462607861 1.0171260108661372e+141 12
1757462607926 3.001380933036881e+152 13
1757462607983 2.1452811032248526e+162 14
1757462608042 5.13921142997622e+175 15
1757462608085 9.61066413140955e+185 16
1757462608143 1.0678775710085448e+199 17
1757462608228 5.77320389191084e+209 18
1757462608283 1.84568670656029e+217 19
1757462608347 7.931541798642785e+226 20
1757462608408 9.319353062883983e+237 21
1757462608452 2.1908312041203267e+250 22
1757462608505 1.637313452942231e+260 23
1757462608552 1.0109704932113192e+272 24
1757462608609 2.652419109635376e+284 25
1757462608652 9.250799152764142e+293 26
1757462608696 1.2736445019038052e+306 27
1757462608759 inf 28
