1757462851156 172.98092856582906 0
1757462851165 167.8445224274986 1
1757462851175 171.66474235064786 2
1757462851184 168.75151989219947 3
1757462851193 165.4082351982344 4
1757462851206 170.77791382259053 5
1757462851217 170.1587974066042 6
1757462851228 170.43142626765203 7
1757462851240 169.98370911406275 8
1757462851250 173.09886822888686 9
1757462851264 175.8142186838259 10
1757462851276 169.11088327361466 11
1757462851284 166.444716633096 12
1757462851293 165.21740290217105 13
1757462851306 171.07313797281327 14
1757462851315 167.94877826743775 15
1757462851323 172.08550848462085 16
1757462851332 161.80194928186518 17
1757462851357 171.56037977757398 18
1757462851376 168.7721619293236 19
1757462851387 174.125907775815 20
1757462851395 171.31320752133715 21
1757462851409 165.8135047986123 22
1757462851418 172.235196812558 23
1757462851431 169.33468092881918 24
1757462851439 165.6714909125105 25
1757462851446 169.30989066010656 26
1757462851454 168.34125164223346 27
1757462851462 166.93778699465162 28
1757462851476 174.88905182205525 29
1757462851486 171.39086617449777 30
1757462851493 166.43858517516324 31
1757462851511 169.6008388218286 32
1757462851518 169.10772287729517 33
1757462851528 169.8491961838481 34
1757462851543 165.07965865937106 35
1757462851556 168.69646858975608 36
1757462851571 171.3610903786881 37
1757462851582 167.7022020940926 38
1757462851593 174.33362108942967 39
1757462851604 172.96928200596105 40
1757462851614 165.69770340342137 41
1757462851622 161.1427305429577 42
1757462851631 166.92574392881113 43
1757462851640 172.57603423205964 44
1757462851648 173.6428513387024 45
1757462851656 166.29844296586884 46
1757462851665 171.78717619872586 47
1757462851677 172.22799413289223 48
1757462851686 167.78930186125555 49
1757462851694 177.62595809399252 50
1757462851702 169.50674950323426 51
1757462851711 161.4483336653606 52
1757462851719 170.8915733984371 53
