1757463030709 807049302.1217352 0
1757463030782 1.0974740694421317e+20 1
1757463030871 1.823788426938474e+29 2
1757463030938 3.2581118547716116e+40 3
1757463031015 1.2365261439926365e+46 4
1757463031105 2.729162285655878e+59 5
1757463031181 1.2738780835278733e+72 6
1757463031245 1.1180086233277134e+84 7
1757463031303 9.99171469031993e+92 8
1757463031374 5.268647633686908e+102 9
1757463031438 8.39206073502086e+114 10
1757463031489 1.1168378325456235e+125 11
1757463031559 1.3698043164824248e+136 12
1757463031630 2.1433419538370807e+146 13
1757463031691 8.67719766492885e+157 14
1757463031746 1.4785012478412566e+165 15
1757463031811 3.2411437307378246e+178 16
1757463031920 8.109310735439227e+186 17
1757463032064 7.94135228573539e+197 18
1757463032155 3.0344911034153605e+209 19
1757463032250 1.0660268104735095e+220 20
1757463032363 6.059183794113708e+230 21
1757463032467 5.6716182510727235e+240 22
1757463032562 3.1164410639263677e+251 23
1757463032658 6.588853651442898e+262 24
1757463032751 1.307882427733165e+272 25
1757463032816 7.434777754574729e+283 26
1757463032887 6.767514470760617e+293 27
1757463032950 3.141303121570867e+300 28
1757463033030 inf 29
