1757462608866 251.3965087764707 0
1757462608918 110.37498599243624 1
1757462608972 153.36209089787616 2
1757462609018 44.69383647444491 3
1757462609084 173.81156454234335 4
1757462609161 114.6318428479089 5
1757462609253 122.00488526589119 6
1757462609299 137.54221962440863 7
1757462609341 104.20446318960907 8
1757462609389 139.9829949691458 9
1757462609447 97.46379393222105 10
1757462609494 80.3676702463133 11
1757462609547 88.40044665312435 12
1757462609593 38.18939593607406 13
1757462609643 117.78970143223998 14
1757462609704 1281.14851341722 15
1757462609744 28.520748600548146 16
1757462609821 3971.344710214768 17
1757462609864 2258.3616990036353 18
1757462609924 999.5859456833616 19
1757462609974 92.75428007025191 20
1757462610017 170.67496026531836 21
1757462610064 4199.614392477843 22
1757462610115 38556.21899645015 23
1757462610171 24537.463073593026 24
1757462610213 27684.612412727638 25
1757462610272 197725.27986716034 26
1757462610334 46172.40931400911 27
1757462610386 135852.70410907367 28
1757462610436 493211.4342681691 29
1757462610486 6455387.71530021 30
1757462610537 1264721.0220092782 31
1757462610581 5696396.528608174 32
1757462610627 3193162.5778323724 33
1757462610675 28267397.97324717 34
1757462610731 854368.1670041243 35
1757462610787 135843192.31801602 36
1757462610832 92153502.38343702 37
1757462610918 777388297.5270188 38
1757462610963 225680.7037854897 39
1757462611007 3982881705.482453 40
1757462611066 23351008183.967697 41
1757462611115 24682489692.795834 42
1757462611166 599586661.5681032 43
1757462611215 268491339438.72507 44
1757462611269 9008311007.013828 45
1757462611321 473284694562.5269 46
1757462611379 873800752230.2241 47
1757462611436 381241812894.4512 48
1757462611483 12466831800439.428 49
1757462611543 96016582172345.23 50
1757462611595 24368368164586.457 51
1757462611636 45822607420680.83 52
1757462611690 2372239830976761.0 53
1757462611747 43582071640921.65 54
1757462611801 87498622669487.4 55
1757462611848 66871764937045.82 56
1757462611898 19281149764451.727 57
1757462611945 216934378999139.44 58
1757462611989 9475876077103378.0 59
1757462612039 3.822158443932167e+16 60
1757462612087 1.470748829809946e+16 61
1757462612140 1.1617172547369344e+16 62
1757462612190 1764579677867610.5 63
1757462612245 8.721192422565747e+17 64
1757462612298 5.591502339216595e+17 65
1757462612342 2.1473514028690805e+19 66
1757462612409 3.412755057557801e+17 67
1757462612464 1.9016804457903075e+19 68
1757462612539 7.797823784510222e+18 69
1757462612576 1.9354654485487032e+18 70
1757462612625 1.2408515024777971e+20 71
1757462612674 9.921362279991427e+19 72
1757462612726 9.855173773348088e+20 73
1757462612775 1.1259963924249708e+21 74
1757462612826 2.33391887458627e+21 75
1757462612889 9.347786973987466e+21 76
1757462612941 1.7007442150172589e+22 77
1757462612985 1.6405055661571817e+20 78
1757462613033 1.5145426584104065e+22 79
1757462613093 8.690015984528148e+22 80
1757462613153 7.45852516842523e+23 81
1757462613201 1.6038221384848078e+24 82
1757462613244 9.451630589825949e+24 83
1757462613289 1.4526070212118637e+23 84
1757462613335 1.0381017490079104e+24 85
1757462613389 9.869585575296117e+24 86
1757462613452 4.005210988219055e+23 87
1757462613553 2.0584145754011207e+25 88
1757462613608 4.542535635320795e+25 89
1757462613664 1.1037501647766289e+27 90
1757462613718 4.7517440431926645e+26 91
1757462613770 9.239200558758888e+24 92
1757462613823 8.391802159870479e+26 93
1757462613873 1.0939676516968915e+27 94
1757462613926 1.447327463162078e+27 95
1757462613978 2.2839806080714036e+26 96
1757462614022 8.523025879655584e+27 97
1757462614080 5.393951170109931e+26 98
1757462614167 2.443256162536688e+28 99
1757462614216 6.797674000709359e+29 100
1757462614261 2.3005981626125284e+30 101
1757462614326 3.077970541487675e+31 102
1757462614382 1.1714573220695817e+29 103
1757462614437 1.3745813221605383e+31 104
1757462614510 4.2842206380858996e+30 105
1757462614613 3.219976363144512e+30 106
1757462614663 6.258162250046891e+31 107
1757462614716 5.190989459201432e+31 108
1757462614773 1.3290506561724037e+33 109
1757462614824 3.5113794558685915e+32 110
1757462614872 1.5817270262291372e+31 111
1757462614926 2.646100453924629e+33 112
1757462614981 1.9805487936404355e+31 113
1757462615039 2.3892155380107565e+32 114
1757462615098 1.6384582195285418e+33 115
1757462615155 1.2214644072116074e+33 116
1757462615210 7.74777088918088e+34 117
1757462615259 9.63730091939881e+35 118
1757462615313 9.922977973918475e+34 119
1757462615365 1.2858708097010562e+34 120
1757462615420 1.686217388707415e+35 121
1757462615474 1.9779401414022263e+35 122
1757462615532 5.477817375590558e+35 123
1757462615583 4.4453737627649895e+34 124
1757462615697 2.2107770745473312e+36 125
1757462615745 1.9358605019813557e+36 126
1757462615791 6.572829767866275e+35 127
1757462615842 5.469968474262295e+36 128
1757462615901 2.8767332828522366e+34 129
1757462615947 5.796884922397385e+34 130
1757462615995 1.397494869276173e+38 131
1757462616040 1.3825187508129669e+38 132
1757462616103 2.965345327538657e+37 133
1757462616157 3.184650091058844e+38 134
1757462616211 4.752826331749433e+39 135
1757462616270 2.5768539355676167e+39 136
1757462616309 5.846707547097085e+40 137
1757462616357 1.3946461676367477e+38 138
1757462616408 2.104219824770247e+40 139
1757462616465 1.557233242966658e+40 140
1757462616521 1.5962649615751706e+41 141
1757462616588 1.3635135330438556e+40 142
1757462616643 7.9570625448861e+40 143
1757462616703 4.5614614654070674e+41 144
1757462616773 2.1245883808278814e+41 145
1757462616825 9.879044580024464e+42 146
1757462616889 6.455774758460857e+41 147
1757462616943 8.459139724314988e+42 148
1757462616987 2.181182526479579e+45 149
1757462617043 9.251206439972702e+42 150
1757462617089 6.019299280761697e+43 151
1757462617144 1.2478746850649986e+44 152
1757462617206 2.4493399099764843e+45 153
1757462617264 2.0487303160986523e+45 154
1757462617322 9.525175768379804e+44 155
1757462617385 2.3664913527673506e+41 156
1757462617455 2.3265453619542995e+43 157
1757462617536 2.730519723311772e+40 158
1757462617593 9.380043285470556e+42 159
1757462617654 2.663896168203717e+43 160
1757462617704 4.80305666724961e+44 161
1757462617752 5.075463018350011e+41 162
1757462617807 2.2837959261231838e+42 163
1757462617860 1.7088986912398588e+44 164
1757462617905 1.1105041408844677e+46 165
1757462617961 1.1308641839955986e+46 166
1757462618017 9.050707823643476e+45 167
1757462618061 8.806568777128809e+45 168
1757462618116 5.14587800172773e+45 169
1757462618178 3.933782522816174e+46 170
1757462618251 1.820951391108857e+46 171
1757462618305 6.37216342431631e+46 172
1757462618384 2.4704710615568357e+47 173
1757462618436 1.4451386764250676e+49 174
1757462618498 9.359606521850346e+48 175
1757462618563 5.482399212224007e+48 176
1757462618629 1.7009460294629548e+48 177
1757462618688 1.0086424465620452e+50 178
1757462618744 3.9744604859633863e+49 179
1757462618796 1.009397866304268e+51 180
1757462618847 2.5364502273002125e+49 181
1757462618913 2.6364529330792467e+50 182
1757462618966 4.14315629231808e+52 183
1757462619017 4.389750164502709e+51 184
1757462619069 1.9061666981257155e+51 185
1757462619131 4.734729513363338e+52 186
1757462619206 2.2548810654368215e+53 187
1757462619276 3.5763574918326074e+54 188
1757462619341 4.15639343185938e+53 189
1757462619396 1.505831510169078e+53 190
1757462619455 2.1190951576080822e+54 191
1757462619507 1.2306789639549451e+54 192
1757462619555 7.770178041941491e+51 193
1757462619612 1.7876088408098812e+53 194
1757462619668 1.5763746858648818e+56 195
1757462619728 1.5827302135637e+54 196
1757462619786 1.0913292718532191e+55 197
1757462619848 3.3523901367762126e+55 198
1757462619903 1.1416577655385795e+55 199
1757462619953 8.929779945810021e+54 200
1757462619997 1.223781367227609e+56 201
1757462620054 5.13568478351921e+56 202
1757462620113 4.243823539521456e+55 203
1757462620168 4.133308273741365e+54 204
1757462620224 1.5628762949333617e+56 205
1757462620281 1.7766488333192396e+56 206
1757462620341 1.7678268763008958e+58 207
1757462620398 1.1398708308139845e+56 208
1757462620456 3.83137179560107e+54 209
1757462620512 2.585856650464544e+56 210
1757462620571 2.2657597320566134e+56 211
1757462620620 7.588705730994961e+56 212
1757462620673 9.640817817494205e+56 213
1757462620735 2.8814337219171468e+57 214
1757462620793 6.810711833455896e+58 215
1757462620851 4.950609529803207e+59 216
1757462620902 2.6991912850300057e+58 217
1757462620973 2.930722182167432e+59 218
1757462621034 1.6511268744016546e+59 219
1757462621105 2.329778122847188e+61 220
1757462621160 3.4078840889405685e+60 221
1757462621220 1.3920948912681075e+60 222
1757462621280 5.774270347271826e+61 223
1757462621337 4.67599075924783e+59 224
1757462621390 8.129300570616232e+61 225
1757462621439 5.683277478204367e+61 226
1757462621502 1.8598243419790027e+62 227
1757462621547 2.380759437331687e+62 228
1757462621607 7.64628454061898e+62 229
1757462621671 6.808567321892116e+64 230
1757462621746 3.030502860612823e+66 231
1757462621815 5.945035054225309e+63 232
1757462621866 4.664373707988466e+63 233
1757462621926 1.7413110389718922e+65 234
1757462621988 3.119151566724585e+65 235
1757462622045 6.091272376507766e+65 236
1757462622110 3.659347485885638e+66 237
1757462622165 3.6425516067297484e+65 238
1757462622226 2.965205521197417e+66 239
1757462622277 4.5429127001605333e+67 240
1757462622334 1.6097206420929362e+67 241
1757462622404 1.0464154365217334e+67 242
1757462622451 3.4465588533402253e+67 243
1757462622504 7.394528078585648e+68 244
1757462622575 1.1375465585155032e+68 245
1757462622636 1.3032733395533524e+68 246
1757462622688 1.581642012654049e+69 247
1757462622743 7.558475763129719e+68 248
1757462622798 6.780903121922289e+67 249
1757462622852 3.256234437999527e+70 250
1757462622910 6.050647118561758e+70 251
1757462622969 6.600354226905475e+70 252
1757462623018 1.6374764753709466e+71 253
1757462623077 9.360790443471209e+70 254
1757462623137 1.1784284364799944e+70 255
1757462623216 7.222894008461194e+72 256
1757462623283 3.2979225730998102e+72 257
1757462623339 1.269429421637439e+73 258
1757462623395 4.761732891562565e+71 259
1757462623451 1.4714894714340197e+73 260
1757462623500 1.156824796402279e+73 261
1757462623556 6.685966206996644e+72 262
1757462623615 6.508667012925557e+74 263
1757462623677 3.298061729631877e+75 264
1757462623732 8.367490326384716e+73 265
1757462623787 1.3801988816041777e+77 266
1757462623843 2.3539528603810128e+75 267
1757462623887 1.934759875002347e+77 268
1757462623937 9.497414184846291e+78 269
1757462623993 3.767510084447553e+77 270
1757462624044 9.85750451699411e+77 271
1757462624090 2.703463313189801e+77 272
1757462624151 1.6331287430363722e+78 273
1757462624209 7.558041413048516e+77 274
1757462624249 3.2177992181685856e+79 275
1757462624296 1.530486451029567e+79 276
1757462624359 1.250491553602082e+79 277
1757462624415 6.573007422123864e+79 278
1757462624477 5.645029810282667e+80 279
1757462624554 3.304924118034074e+80 280
1757462624596 2.9609576318445877e+81 281
1757462624640 6.0374378527495335e+81 282
1757462624683 3.1364395803208943e+81 283
1757462624730 6.548170479239323e+83 284
1757462624772 3.139051422853585e+82 285
1757462624824 8.704178206277701e+81 286
1757462624885 2.5959497980051647e+83 287
1757462624936 1.2100834858913994e+83 288
1757462625005 7.184659329520247e+84 289
1757462625072 2.7392590916628804e+85 290
1757462625116 1.7528982846677884e+82 291
1757462625164 7.076517068059863e+81 292
1757462625214 4.448532441381733e+85 293
1757462625266 4.025444898547789e+85 294
1757462625322 1.2664153257203773e+88 295
1757462625380 1.690286032947754e+86 296
1757462625435 2.4477927607207464e+87 297
1757462625483 1.3176902541204757e+87 298
1757462625546 5.470578072708883e+83 299
1757462625603 2.5409206826934205e+86 300
1757462625656 1.6402940672496253e+87 301
1757462625720 6.369956442579775e+86 302
1757462625788 1.6049846873607082e+88 303
1757462625843 4.052882490294602e+88 304
1757462625915 5.088520218269626e+89 305
1757462625972 2.114664065336805e+89 306
1757462626031 3.9715806297655228e+90 307
1757462626089 8.765810591654604e+89 308
1757462626170 9.482592457367845e+90 309
1757462626232 1.654008346283417e+89 310
1757462626293 5.329364903080223e+90 311
1757462626344 6.355979531594707e+92 312
1757462626403 1.7380940714586864e+91 313
1757462626465 1.402327200321137e+92 314
1757462626524 1.7648148297662117e+91 315
1757462626587 5.466974019975212e+92 316
1757462626647 4.279875572962934e+90 317
1757462626703 6.578436537321376e+92 318
1757462626771 3.8355938498807923e+93 319
1757462626827 3.121149338473897e+94 320
1757462626870 2.4203655025842716e+94 321
1757462626929 3.0273433321750436e+94 322
1757462626993 3.4456371343127026e+95 323
1757462627051 6.362568824829235e+95 324
1757462627111 9.877950655886292e+95 325
1757462627188 1.3043096336057806e+96 326
1757462627291 3.7899354242545696e+97 327
1757462627343 1.2618434935202717e+97 328
1757462627410 1.3740202169889028e+97 329
1757462627481 1.4740259843006553e+97 330
1757462627563 7.865716041175414e+97 331
1757462627633 4.820114127487361e+94 332
1757462627683 5.5208409197614534e+97 333
1757462627750 1.2865128419821552e+100 334
1757462627818 4.371536710999132e+100 335
1757462627876 5.367669241759409e+100 336
1757462627937 1.2937758524753683e+100 337
1757462627987 6.021200101801753e+100 338
1757462628064 2.867345931534092e+101 339
1757462628118 1.4194549818874812e+101 340
1757462628198 6.083088250871412e+100 341
1757462628267 1.1531630734659689e+102 342
1757462628322 1.9967222956540136e+102 343
1757462628384 2.5419923985136416e+103 344
1757462628428 4.316255218285238e+103 345
1757462628482 1.4380818511588125e+103 346
1757462628545 9.979696027456385e+102 347
1757462628600 1.0513629822353803e+104 348
1757462628659 5.260784570595736e+103 349
1757462628712 7.080233853373162e+104 350
1757462628760 2.6268746735341287e+106 351
1757462628809 2.616489956294323e+105 352
1757462628877 3.8427729932925855e+106 353
1757462628931 4.150789263607544e+105 354
1757462628983 9.849249690083865e+104 355
1757462629041 6.4303777442640004e+106 356
1757462629098 1.0836108064529008e+106 357
1757462629159 1.8960512258089017e+104 358
1757462629245 9.38535969737636e+105 359
1757462629338 7.677360837029244e+107 360
1757462629396 1.5351203392025418e+107 361
1757462629452 6.107202672217259e+109 362
1757462629513 1.5161355455411838e+109 363
1757462629571 6.953172431490963e+109 364
1757462629625 1.8421876191765892e+109 365
1757462629677 7.833450882057368e+109 366
1757462629720 6.896493259383809e+110 367
1757462629785 1.6434491011064368e+112 368
1757462629848 5.782543065624837e+109 369
1757462629907 1.0158493839606323e+111 370
1757462629974 1.1601513955706454e+113 371
1757462630036 1.3196854246562474e+111 372
1757462630081 4.7793117949026795e+112 373
1757462630123 5.389168972678332e+113 374
1757462630168 4.817282798760779e+112 375
1757462630220 5.483427453375629e+112 376
1757462630280 5.768333031769282e+114 377
1757462630327 9.749350275573084e+113 378
1757462630381 1.5737136412010798e+115 379
1757462630440 1.6207714397856155e+115 380
1757462630493 1.515607428682377e+115 381
1757462630551 9.495640529739772e+115 382
1757462630606 4.97738613866859e+116 383
1757462630667 1.1080709509570718e+116 384
1757462630721 1.0888771962019075e+110 385
1757462630780 7.998560057653712e+114 386
1757462630844 9.715523343635807e+114 387
1757462630909 1.2022042491115206e+116 388
1757462630992 7.897758228626578e+115 389
1757462631046 1.2132283594551839e+116 390
1757462631102 3.495394178467592e+116 391
1757462631161 1.1915125078470907e+117 392
1757462631222 1.9810832895058497e+117 393
1757462631293 1.9834756362057539e+118 394
1757462631366 5.260633745567431e+116 395
1757462631417 3.1165000750716683e+119 396
1757462631472 5.191373426757203e+118 397
1757462631525 2.5186785900386145e+120 398
1757462631637 1.0930901267640496e+119 399
1757462631713 6.605053405785231e+119 400
1757462631812 1.1372992816647421e+119 401
1757462631879 1.7640309575518149e+120 402
1757462631950 8.886137086839597e+121 403
1757462632021 1.7560693684856705e+121 404
1757462632081 6.7955192828040135e+121 405
1757462632149 4.4394524206556444e+123 406
1757462632212 1.7207067702539857e+123 407
1757462632279 3.0318715370283455e+123 408
1757462632340 3.657080039658641e+123 409
1757462632440 7.079262184688005e+121 410
1757462632515 1.4175914643057873e+124 411
1757462632574 1.798957378848553e+120 412
1757462632635 6.507707151485397e+123 413
1757462632697 6.318956953265933e+124 414
1757462632759 8.787596857102803e+125 415
1757462632823 5.182988093340456e+125 416
1757462632878 2.5834887990465955e+125 417
1757462632938 4.489000394931036e+125 418
1757462632997 3.048786830022869e+126 419
1757462633051 3.8055283281941564e+127 420
1757462633119 2.5557057933316235e+128 421
1757462633193 8.225894727299608e+126 422
1757462633248 4.525687988951685e+127 423
1757462633313 4.97340491378371e+128 424
1757462633369 2.6324091760867715e+128 425
1757462633439 7.175521111586258e+129 426
1757462633496 2.1096980897582764e+128 427
1757462633556 1.2812590680835889e+129 428
1757462633627 1.5865807100800433e+130 429
1757462633693 3.444585949338677e+130 430
1757462633749 4.238130198983256e+130 431
1757462633817 2.941801526941858e+130 432
1757462633883 2.0744048326079056e+132 433
1757462633935 6.744420174945091e+130 434
1757462633986 9.487542506616347e+131 435
1757462634056 3.956645603564035e+132 436
1757462634121 1.7725209058501112e+133 437
1757462634180 1.2615935097551425e+132 438
1757462634246 1.1509934181256656e+133 439
1757462634303 5.126438860709044e+132 440
1757462634364 1.3562504242642824e+135 441
1757462634422 2.0328801639752147e+136 442
1757462634485 3.016138078018174e+135 443
1757462634547 3.973018696353357e+135 444
1757462634609 4.08057575074299e+136 445
1757462634670 4.3364432496910096e+137 446
1757462634763 2.9642316926634324e+135 447
1757462634846 7.204709407570319e+135 448
1757462634907 2.2961010900564456e+137 449
1757462634989 4.490008079872893e+136 450
1757462635060 1.3729708872148826e+138 451
1757462635176 7.079086605451563e+137 452
1757462635256 5.255580879116557e+137 453
1757462635315 5.2165526787306735e+138 454
1757462635428 1.5955090442616572e+139 455
1757462635513 5.3174906195657923e+138 456
1757462635567 8.774450069057231e+139 457
1757462635634 4.941420419264981e+139 458
1757462635699 3.590567835884658e+138 459
1757462635754 1.1528872640389061e+139 460
1757462635813 1.2331268461856716e+139 461
1757462635873 8.588105441395377e+137 462
1757462635932 3.5662271976960822e+140 463
1757462636024 2.039986578883734e+139 464
1757462636092 3.1739468453540223e+139 465
1757462636170 2.4168939237884217e+140 466
1757462636234 3.0414979542268637e+140 467
1757462636304 9.773822804298498e+141 468
1757462636375 4.515504645412033e+141 469
1757462636434 4.8234455250103895e+141 470
1757462636493 7.048350971937348e+142 471
1757462636550 1.7984116300997856e+142 472
1757462636620 6.443468830511154e+142 473
1757462636698 1.6068786921907678e+143 474
1757462636754 1.7530405727138603e+144 475
1757462636820 2.5434959122933153e+144 476
1757462636880 1.4585453571547881e+143 477
1757462636953 1.2852794333226022e+145 478
1757462637017 6.0158804845719545e+144 479
1757462637073 2.49452675563645e+143 480
1757462637138 2.3161232191378698e+144 481
1757462637207 3.6681134031264933e+145 482
1757462637283 3.289450860231331e+146 483
1757462637353 1.776877634386246e+147 484
1757462637406 1.5563307305082154e+147 485
1757462637452 1.0265061969012441e+147 486
1757462637509 1.7679149956233444e+147 487
1757462637567 5.391175167048287e+147 488
1757462637633 3.281149360633504e+148 489
1757462637707 8.500674163206168e+148 490
1757462637769 1.6771060294616586e+150 491
1757462637826 1.1800555638218846e+149 492
1757462637889 6.27867209131944e+148 493
1757462637954 3.3488237698211856e+149 494
1757462638027 1.904736471761677e+150 495
1757462638090 2.9883933833626113e+150 496
1757462638155 2.5331441171744785e+151 497
1757462638231 1.0307672769189758e+157 498
1757462638313 1.3432981210172825e+152 499
