1757462527599 163.82956782191934 0
1757462527607 175.0867339719969 1
1757462527615 170.32595478652706 2
1757462527629 169.2544213947832 3
1757462527636 172.03149993414 4
1757462527648 170.836358350601 5
1757462527661 166.65601290348278 6
1757462527680 168.7510620137204 7
1757462527687 166.36289535232282 8
1757462527702 172.16453422918872 9
1757462527717 171.2890391891654 10
1757462527733 162.69272690125513 11
1757462527746 169.29838189051077 12
1757462527752 167.01946110774335 13
1757462527771 165.94668084819818 14
1757462527780 174.37434198701874 15
1757462527790 170.81363681629344 16
1757462527815 169.55805300372234 17
1757462527825 169.52680808910065 18
1757462527845 163.7925713556402 19
1757462527859 171.749460283306 20
1757462527877 167.4763495281765 21
1757462527888 167.0849108258012 22
1757462527900 173.38848362236902 23
1757462527907 166.63651334648245 24
1757462527919 167.54437550438684 25
1757462527926 163.4318554982988 26
1757462527941 165.37155242397517 27
1757462527948 175.34602248379798 28
1757462527954 170.99860754717312 29
1757462527968 172.4974736950975 30
1757462527980 166.8505765969337 31
1757462527987 169.57365361011736 32
1757462527994 165.23825240417798 33
1757462528005 169.7269509068611 34
1757462528013 168.0619794502817 35
1757462528025 163.30634201485805 36
1757462528033 168.73943007127247 37
1757462528040 171.38736962084198 38
1757462528048 168.67073950072165 39
1757462528061 170.65403537661612 40
1757462528072 170.71122760272456 41
1757462528083 169.35973290598378 42
1757462528094 163.8600394709452 43
1757462528102 169.1357595414746 44
1757462528109 167.3604546913478 45
1757462528117 167.1739344080923 46
1757462528125 169.5708337223456 47
1757462528140 162.24433979509104 48
1757462528156 160.87645767438147 49
1757462528175 169.33840983987915 50
1757462528185 168.14940248304873 51
1757462528195 169.7037822959827 52
1757462528213 168.52572293673376 53
1757462528224 167.83812448467086 54
1757462528234 168.5152195954996 55
1757462528249 164.1757558390897 56
1757462528263 170.54580031893573 57
1757462528270 163.10495797436135 58
1757462528282 167.09767390003188 59
1757462528294 165.56976716524258 60
1757462528302 165.55830119798296 61
1757462528311 164.00769306223575 62
1757462528324 166.65829206474376 63
1757462528333 170.2940133408091 64
1757462528343 169.2977024046904 65
1757462528353 164.07693546658282 66
1757462528368 172.70942030894284 67
1757462528376 164.3550616704796 68
1757462528388 168.41927147898866 69
1757462528398 167.75825369118903 70
1757462528412 168.04403678907883 71
1757462528424 169.55336676512803 72
1757462528439 167.84163634595532 73
1757462528453 164.4840050855067 74
1757462528465 171.64226300987514 75
1757462528478 165.99861852038978 76
1757462528492 165.53467429131564 77
1757462528508 170.3233595632562 78
1757462528517 168.37437830876456 79
1757462528525 170.96826235779253 80
1757462528536 164.2261077112936 81
1757462528550 167.14675121679647 82
1757462528580 170.64069920288603 83
1757462528587 169.24983655005911 84
1757462528597 167.18020386037708 85
1757462528611 170.1994962868699 86
1757462528620 189.39236445865228 87
1757462528629 162.85796954300068 88
1757462528637 169.1185003569981 89
1757462528647 163.61055102154694 90
1757462528660 168.24064667884318 91
1757462528669 166.68719305479436 92
1757462528686 170.78440320791086 93
1757462528699 161.83227417961703 94
1757462528712 170.77923562362622 95
1757462528728 164.37388576759014 96
1757462528746 168.715408421045 97
1757462528763 169.15987633568346 98
1757462528780 161.58665746279215 99
1757462528788 168.14528931446574 100
1757462528798 166.7903243550009 101
1757462528815 164.30756098303738 102
1757462528830 165.81485759218853 103
1757462528838 168.05823724862947 104
1757462528856 165.8405941848021 105
1757462528864 173.8671544785293 106
1757462528875 168.57130769525574 107
1757462528885 170.05986676582083 108
1757462528895 165.61952890155573 109
1757462528904 170.207360547692 110
1757462528913 164.12093364981058 111
1757462528921 166.2468530272506 112
1757462528931 164.6529253885795 113
1757462528940 167.33431576611306 114
1757462528953 165.56269877287747 115
1757462528969 171.7962852333969 116
1757462528981 168.35101915966223 117
1757462528989 168.8755699429535 118
1757462528999 170.8401945927253 119
1757462529008 170.42820595103674 120
1757462529019 171.30795050460063 121
1757462529063 168.66175266454584 122
1757462529095 164.39004726291026 123
1757462529111 164.11309733608468 124
1757462529130 164.52445177159794 125
1757462529163 174.35531687220737 126
1757462529173 168.12329150046014 127
1757462529182 163.88797751179726 128
1757462529194 171.94095443736586 129
1757462529214 165.42205482920318 130
1757462529223 165.64398526757043 131
1757462529232 168.21294281008045 132
1757462529242 168.95320498478094 133
1757462529257 162.8334735511423 134
1757462529267 164.1600748038563 135
1757462529279 169.10296462661856 136
1757462529288 159.8743016792274 137
1757462529302 164.47218229829994 138
1757462529312 167.0235935830914 139
1757462529323 162.63460043501274 140
1757462529333 160.1305536358468 141
1757462529342 171.5456416114172 142
1757462529351 163.92394923249722 143
1757462529363 176.7993032944447 144
1757462529376 169.4141162234681 145
1757462529385 167.95082789399413 146
1757462529397 172.85247382223963 147
1757462529420 166.383294780291 148
1757462529430 167.64810853944857 149
1757462529451 159.05319251969104 150
1757462529466 168.48210570158236 151
1757462529476 169.26453265417666 152
1757462529493 161.7801789461441 153
1757462529505 173.09311170927117 154
1757462529517 160.14676040221906 155
1757462529532 166.8713067815612 156
1757462529540 161.04664313095196 157
1757462529565 165.53826615407903 158
1757462529598 163.130210949946 159
1757462529612 167.40214720925272 160
1757462529621 174.30622878445755 161
1757462529636 168.9678306977365 162
1757462529650 168.16247698458133 163
1757462529662 163.18606653078658 164
1757462529672 173.42846948736616 165
1757462529683 169.91931195455612 166
1757462529693 171.1000438834271 167
1757462529710 165.33445243054462 168
1757462529725 163.24606101113412 169
1757462529738 170.64497724338725 170
1757462529750 167.4811260791295 171
1757462529765 167.26686885953046 172
1757462529787 168.48939579790112 173
1757462529796 163.10603957817514 174
1757462529805 161.1362045397654 175
1757462529825 174.4258682345739 176
1757462529834 170.68044326693928 177
1757462529844 163.2646915792514 178
1757462529858 165.51841648497677 179
1757462529869 167.64662856601117 180
1757462529953 161.0266686012589 181
1757462529976 164.16130912859688 182
1757462529990 168.1805578956848 183
1757462530011 164.04955516609516 184
1757462530028 165.84772520874535 185
1757462530040 165.69560587964273 186
1757462530056 160.20844063846067 187
1757462530066 163.96361324788867 188
1757462530079 163.2822521329854 189
1757462530097 159.60493299395046 190
1757462530111 165.551689939204 191
1757462530132 165.72784004250445 192
1757462530151 162.77988995315786 193
1757462530164 169.65740403915817 194
1757462530182 166.3174573849979 195
1757462530196 166.89523013745026 196
1757462530217 160.21248895919203 197
1757462530233 168.05705676154355 198
1757462530243 165.65080794982285 199
1757462530253 174.01249901568983 200
1757462530276 161.2701873086989 201
1757462530294 166.4474509653242 202
1757462530304 165.0377151094561 203
1757462530320 166.80490355618048 204
1757462530329 167.34195389370586 205
1757462530350 166.30346489825538 206
1757462530371 160.75561534099666 207
1757462530389 164.11089943061398 208
1757462530426 165.74123415805025 209
1757462530438 169.952136971585 210
1757462530452 168.04326397080757 211
1757462530463 171.2582419672723 212
1757462530474 168.33938146677306 213
1757462530493 167.69625373955816 214
1757462530512 165.89256577860448 215
1757462530528 170.58944837147789 216
1757462530544 164.4817821498685 217
1757462530565 164.4200757950814 218
1757462530583 167.92245419565492 219
1757462530605 166.28200835144733 220
1757462530628 169.6710286368325 221
1757462530645 168.78115208601014 222
1757462530656 169.03831197830823 223
1757462530679 167.93456997028684 224
1757462530701 170.65834400298195 225
1757462530718 167.48460478304534 226
1757462530728 173.8724701740379 227
1757462530741 161.44383097215746 228
1757462530755 162.94938545566555 229
1757462530781 161.9265786810518 230
1757462530792 164.9686410378649 231
1757462530803 169.82207021539364 232
1757462530818 167.12776733010068 233
1757462530837 170.857524789131 234
1757462530850 167.31375939971736 235
1757462530870 162.9767059657101 236
1757462530890 166.8695569827705 237
1757462530901 163.12068228601854 238
1757462530915 166.62106236566663 239
1757462530943 171.0153248698287 240
1757462530954 166.19339053571807 241
1757462530968 169.4816547803191 242
1757462530989 166.5554546737928 243
1757462531005 162.29415024326977 244
1757462531023 161.69726645261835 245
1757462531035 170.7775399426177 246
1757462531049 168.26145967085512 247
1757462531074 167.0483172273658 248
1757462531096 167.69869510937497 249
1757462531121 162.9990915709559 250
1757462531131 167.11453407897625 251
1757462531148 162.07529573617447 252
1757462531160 169.67721459083157 253
1757462531175 159.06362502395552 254
1757462531199 162.5344627608457 255
1757462531210 170.83465891305318 256
1757462531234 165.312944316678 257
1757462531270 164.26562681175463 258
1757462531294 170.67966725025272 259
1757462531314 164.02495056865277 260
1757462531329 165.18160983432014 261
1757462531348 160.33652400528766 262
1757462531371 161.9933628852557 263
1757462531398 165.94290032366538 264
1757462531439 163.58368952059166 265
1757462531464 168.02314740360674 266
1757462531478 170.2310645812841 267
1757462531492 168.0250577503198 268
1757462531511 168.22270656965873 269
1757462531528 173.8003941895857 270
1757462531540 166.76495827145627 271
1757462531560 167.26157195246543 272
1757462531590 167.46552495015777 273
1757462531609 167.63191482828248 274
1757462531626 165.0697076484353 275
1757462531637 159.13579568211054 276
1757462531655 167.96185726862325 277
1757462531680 164.45663557310047 278
1757462531698 163.44846932469687 279
1757462531718 160.86640742532055 280
1757462531729 160.8956694319817 281
1757462531751 167.2402146491635 282
1757462531768 172.79162391895238 283
1757462531804 170.08007813355874 284
1757462531832 169.96838149464665 285
1757462531858 164.7924169545925 286
1757462531874 166.04619563093027 287
1757462531892 168.66242751561182 288
1757462531904 163.90671985628046 289
1757462531916 166.89815459678832 290
1757462531935 164.693187699918 291
1757462531953 162.5302371454816 292
1757462531971 165.9815266636188 293
1757462531985 167.41737764224553 294
1757462532003 166.0430951542671 295
1757462532027 164.53044854570794 296
1757462532060 165.77870849831936 297
1757462532075 166.02332532243395 298
1757462532096 168.72228904859978 299
1757462532118 162.80852338313548 300
1757462532139 165.05529816298318 301
1757462532161 174.45747016687727 302
1757462532181 171.06509447286493 303
1757462532200 166.73120787535024 304
1757462532227 169.77087697125657 305
1757462532242 160.71986296851776 306
1757462532260 167.56859699200564 307
1757462532281 171.6722349974949 308
1757462532303 169.50086297858303 309
1757462532321 170.36774195275473 310
1757462532339 164.94665891382402 311
1757462532355 173.53031485074538 312
1757462532371 165.71246448994881 313
1757462532386 162.77753758858202 314
1757462532412 167.9131096371544 315
1757462532433 166.26760352746774 316
1757462532453 164.96456583710747 317
1757462532469 171.86235814679534 318
1757462532491 168.85780197026023 319
1757462532518 168.40499456969388 320
1757462532531 166.19874218347374 321
1757462532550 166.79762943792161 322
1757462532573 164.36945916761462 323
1757462532610 167.77944387703752 324
1757462532623 167.86755502212924 325
1757462532658 163.99347247425416 326
1757462532675 169.52421587717444 327
1757462532689 161.33299511858044 328
1757462532708 163.31062047888685 329
1757462532725 166.15978570265173 330
1757462532740 167.15642645810814 331
1757462532758 168.97470927348164 332
1757462532776 168.174626118905 333
1757462532789 165.18166715879693 334
1757462532817 166.1058233907797 335
1757462532829 160.60804480496068 336
1757462532841 173.08138411373605 337
1757462532854 157.1297026697253 338
1757462532868 170.902671151699 339
1757462532882 163.54981704989652 340
1757462532896 169.22543190051326 341
1757462532925 167.2532899266537 342
1757462532943 166.9029650707304 343
1757462532969 168.54976237267826 344
1757462532989 159.85852792335464 345
1757462533011 167.12690392102553 346
1757462533036 166.98709896325664 347
1757462533051 165.10074258379728 348
1757462533072 165.14469869788263 349
1757462533091 164.7688356702324 350
1757462533124 171.18915773746363 351
1757462533137 164.7391437156933 352
1757462533164 165.03251844106765 353
1757462533184 166.19382056798625 354
1757462533208 165.498543784928 355
1757462533232 168.00990026607272 356
1757462533251 166.7630081593596 357
1757462533274 170.73464781898488 358
1757462533286 159.6347546388588 359
1757462533304 165.44819134856073 360
1757462533330 170.00973052734088 361
1757462533350 174.72512771878505 362
1757462533375 172.15926335931806 363
1757462533406 161.8580290333385 364
1757462533430 160.2498645037128 365
1757462533450 165.94775795686422 366
1757462533462 162.73629722960544 367
1757462533479 163.55505214741143 368
1757462533500 160.8479395629314 369
1757462533522 165.71546233979097 370
1757462533537 163.26457106267955 371
1757462533550 166.1470633462766 372
1757462533562 163.93267496037976 373
1757462533578 171.26372509026848 374
1757462533594 165.1867618854046 375
1757462533615 170.12894426562247 376
1757462533628 167.3695938036769 377
1757462533642 170.8956385685733 378
1757462533677 160.23882125255835 379
1757462533703 168.57790522596068 380
1757462533726 160.92892894709706 381
1757462533766 164.7525942330966 382
1757462533787 165.34550554369142 383
1757462533803 164.5081297337075 384
1757462533827 169.4192514308204 385
1757462533841 164.9710437074206 386
1757462533855 166.3591667756676 387
1757462533869 164.03537237104604 388
1757462533895 163.2010046881298 389
1757462533912 166.04423295940398 390
1757462533936 165.5220060443991 391
1757462533968 169.08853771715556 392
1757462533984 173.3160262237292 393
1757462534003 165.29219234781618 394
1757462534018 164.68951188136762 395
1757462534037 163.08844795999366 396
1757462534073 168.91357020719934 397
1757462534087 174.3721214888054 398
1757462534109 180.33938823853077 399
1757462534134 169.86378568214505 400
1757462534156 168.02018357994365 401
1757462534183 168.64072524621434 402
1757462534207 164.42581494619924 403
1757462534222 165.1257818003245 404
1757462534243 165.03754665308549 405
1757462534265 167.14938637850022 406
1757462534289 164.80656868675445 407
1757462534335 164.61224278966634 408
1757462534355 163.38724938001013 409
1757462534381 164.52625085873277 410
1757462534397 168.8626297412335 411
1757462534412 168.88352899900568 412
1757462534435 167.30741268654035 413
1757462534456 170.87567896993156 414
1757462534482 165.36135726827493 415
1757462534502 163.15901172635188 416
1757462534523 161.99161884610487 417
1757462534545 168.0833104677677 418
1757462534568 164.27810363356716 419
1757462534599 168.0945748977514 420
1757462534619 163.94637563386263 421
1757462534636 166.31989493182817 422
1757462534686 163.5730669471138 423
1757462534703 161.26270382660783 424
1757462534720 163.3639657935664 425
1757462534738 166.9006073996814 426
1757462534753 161.25608710899607 427
1757462534773 163.45469935700032 428
1757462534800 168.14129476253163 429
1757462534821 169.62842360034745 430
1757462534846 164.33238237438871 431
1757462534860 158.31220463012318 432
1757462534895 167.49661262554994 433
1757462534923 162.76705974527513 434
1757462534936 163.2533075995693 435
1757462534960 161.7886957468814 436
1757462534983 164.21909767112882 437
1757462535004 170.60341416248949 438
1757462535021 164.53063804381628 439
1757462535040 165.38903318658373 440
1757462535055 162.6351943096094 441
1757462535076 164.1194052268029 442
1757462535096 166.21854269336316 443
1757462535130 171.3875213945522 444
1757462535163 166.4438720972658 445
1757462535178 166.7054902133641 446
1757462535199 165.46761612994337 447
1757462535226 168.4041845055684 448
1757462535250 165.93188904301738 449
1757462535279 168.00051044391736 450
1757462535298 156.91226808811493 451
1757462535324 162.743318934166 452
1757462535364 159.86734707694154 453
1757462535388 171.6575311162192 454
1757462535412 156.4386302019206 455
1757462535427 172.42322316519363 456
1757462535447 166.20872257094965 457
1757462535472 169.18021205114613 458
1757462535492 171.4164759561872 459
1757462535519 163.53396700185334 460
1757462535538 157.54317435134288 461
1757462535559 169.71509017269807 462
1757462535587 163.3760630043091 463
1757462535609 169.318668843239 464
1757462535629 164.19412072097353 465
1757462535648 169.42649424474783 466
1757462535679 163.01774849794148 467
1757462535703 167.0237196059632 468
1757462535724 171.69873123678943 469
1757462535740 170.55690305966505 470
1757462535762 176.32534008815014 471
1757462535782 170.74615074589093 472
1757462535801 159.8740248849216 473
1757462535822 164.0754000219946 474
1757462535852 170.60369273029198 475
1757462535891 183.95189543852706 476
1757462535912 161.53612813828155 477
1757462535933 167.1731131631364 478
1757462535955 178.88956006706437 479
1757462535976 166.04175051696396 480
1757462535998 167.70099638738358 481
1757462536020 165.71936810314747 482
1757462536039 165.22916301439008 483
1757462536055 161.36235359897114 484
1757462536075 159.8939993665164 485
1757462536098 168.4878791619272 486
1757462536124 171.61120995321232 487
1757462536140 167.47428602340577 488
1757462536165 168.942569962674 489
1757462536197 166.38916031411478 490
1757462536222 166.98316605266115 491
1757462536306 162.52281203287092 492
1757462536344 165.4854820629245 493
1757462536360 170.46383493370826 494
1757462536389 165.7051738647419 495
1757462536415 161.674572182756 496
1757462536432 167.3970857735148 497
1757462536466 164.2348122908741 498
1757462536480 164.30054661275872 499
