1757462727506 211.8447101289286 0
1757462727552 174.67199582307418 1
1757462727609 171.76838736516845 2
1757462727668 165.65777299095848 3
1757462727725 219.34353578596975 4
1757462727791 167.29764143954384 5
1757462727840 127.09292602113959 6
1757462727890 161.22396706702978 7
1757462727945 61.52277560434176 8
1757462727996 167.06098308491744 9
1757462728046 63.634131396200246 10
1757462728105 146.4203516828358 11
1757462728158 74.56603121934678 12
1757462728194 40.60831186842815 13
1757462728250 105.02978366534471 14
1757462728292 3434.224419904788 15
1757462728352 549.2544530306947 16
1757462728409 370.26509905929953 17
1757462728458 2831.8318501442714 18
1757462728508 3235.741574890913 19
1757462728568 37803.47181345291 20
1757462728630 890735.9931333652 21
1757462728675 112418.24654096524 22
1757462728733 383351.71533162973 23
1757462728786 528562.6475110938 24
1757462728843 1191646.818467364 25
1757462728944 726360.9761700572 26
1757462729003 2577082.334038782 27
1757462729043 93388264.65146194 28
1757462729097 7650691.35426247 29
1757462729149 151568050.89491332 30
1757462729207 24520155.41513355 31
1757462729263 3056234762.5766325 32
1757462729314 4141969347.1702337 33
1757462729369 15204363944.461264 34
1757462729440 189369159846.67148 35
1757462729489 173029422981.0219 36
1757462729536 5078475723.605324 37
1757462729582 44209184360.32524 38
1757462729626 22350392227.942028 39
1757462729672 517087422327.1671 40
1757462729731 3023416409426.1396 41
1757462729788 549309877102.4929 42
1757462729856 1904564646704.1907 43
1757462729906 2056909938778.369 44
1757462729950 2263202667862.1 45
1757462730006 22291469426874.7 46
1757462730058 30251058100373.047 47
1757462730107 134156968496672.69 48
1757462730159 813297866749918.4 49
1757462730219 6426303969947498.0 50
1757462730258 1133104490810973.2 51
1757462730313 4030260231252980.5 52
1757462730361 409836679316395.8 53
1757462730421 6939503061485132.0 54
1757462730468 6.579653120222981e+17 55
1757462730517 1547868242822772.8 56
1757462730554 1.278612966053685e+16 57
1757462730595 2.371049579395756e+17 58
1757462730639 2.7865641074356623e+18 59
1757462730691 6.097630523943553e+17 60
1757462730740 1.6609490337131151e+18 61
1757462730783 2.1666486601640896e+17 62
1757462730839 2.925453880127205e+18 63
1757462730889 6.422639629322004e+19 64
1757462730941 2.8537659353806328e+19 65
1757462730992 1.195532816639243e+20 66
1757462731044 3.7029316962965357e+20 67
1757462731102 3.3371845990434047e+21 68
1757462731158 1.0973358848420354e+19 69
1757462731212 4.342082825478357e+21 70
1757462731256 7.509767578191673e+22 71
1757462731312 3.828881475029882e+22 72
1757462731368 3.6315076734795513e+22 73
1757462731422 2.4082965948465865e+22 74
1757462731487 1.7763383797503952e+23 75
1757462731540 2.9172709723044816e+22 76
1757462731586 6.364043489981122e+24 77
1757462731655 5.647137009617822e+22 78
1757462731707 2.1305502997319273e+22 79
1757462731785 5.103345515942178e+24 80
1757462731850 8.221875324039321e+24 81
1757462731900 1.0516543297586786e+25 82
1757462731946 1.3884288071304428e+26 83
1757462731998 4.941638870264715e+26 84
1757462732044 9.543748616362179e+26 85
1757462732103 2.05768771366165e+27 86
1757462732155 4.3392013494018965e+25 87
1757462732196 6.450207833182256e+28 88
1757462732259 6.949535095498037e+24 89
1757462732324 1.8612268665965065e+28 90
1757462732394 1.3771894252680206e+30 91
1757462732458 7.8760087849667e+29 92
1757462732512 1.798687462603917e+29 93
1757462732583 3.918452257891164e+29 94
1757462732646 2.2539157753009513e+30 95
1757462732684 2.601137639512416e+30 96
1757462732723 7.753321888212712e+30 97
1757462732775 3.483116463188585e+31 98
1757462732815 1.0918692600929215e+32 99
1757462732853 7.831786160470751e+31 100
1757462732898 2.904720811023994e+32 101
1757462732953 9.152537173387295e+31 102
1757462733002 7.446611906515231e+31 103
1757462733063 4.002289263133914e+32 104
1757462733115 3.640510493141636e+32 105
1757462733160 4.1947750829314885e+31 106
1757462733214 3.388100413999491e+34 107
1757462733268 9.747813644713739e+33 108
1757462733322 4.813226193754679e+33 109
1757462733389 2.016776239228251e+35 110
1757462733445 2.599331541692933e+35 111
1757462733494 2.2015666985660702e+36 112
1757462733554 1.4434226166576046e+36 113
1757462733604 9.130238012208805e+35 114
1757462733685 5.483620922808304e+35 115
1757462733748 9.824854407554019e+35 116
1757462733813 1.3828648170158869e+37 117
1757462733874 4.939521409020532e+37 118
1757462733934 3.4415521722030637e+37 119
1757462733980 1.3787216524163814e+38 120
1757462734032 2.565117994872796e+38 121
1757462734088 1.2523700459026917e+39 122
1757462734158 2.1593908180325083e+39 123
1757462734217 6.667953523230984e+39 124
1757462734289 7.266524038077784e+40 125
1757462734368 2.5658472392588875e+39 126
1757462734430 6.100697710395379e+39 127
1757462734481 4.386246812396849e+41 128
1757462734538 1.878439931198158e+42 129
1757462734596 1.0427957432077202e+42 130
1757462734664 6.991340465921786e+41 131
1757462734719 2.694345115092521e+41 132
1757462734772 1.1416944417435446e+44 133
1757462734829 3.8839154282537417e+43 134
1757462734879 1.4833553485819723e+41 135
1757462734925 1.940265020237864e+43 136
1757462734978 6.397697291300795e+43 137
1757462735028 1.115851494253069e+43 138
1757462735079 1.1203626890706423e+43 139
1757462735153 6.25918509372039e+43 140
1757462735203 5.032062977859183e+43 141
1757462735271 2.797159512672347e+43 142
1757462735330 2.408727873885636e+45 143
1757462735389 4.117377554141931e+45 144
1757462735453 1.9474401218824106e+45 145
1757462735506 3.5476800690096194e+46 146
1757462735560 3.199653617475718e+45 147
1757462735616 2.89479290856898e+46 148
1757462735681 1.4706769105208372e+47 149
1757462735731 2.9484026433185894e+47 150
1757462735779 3.3884247239428667e+47 151
1757462735828 1.348374141371438e+49 152
1757462735876 1.883939434921268e+48 153
1757462735932 1.2374013520776877e+48 154
1757462735988 1.3936017904698283e+50 155
1757462736032 6.64719168437414e+48 156
1757462736071 3.5463099130834117e+50 157
1757462736126 2.1390630905633135e+50 158
1757462736177 1.1875279171156067e+51 159
1757462736230 3.35288846871734e+52 160
1757462736294 5.731700017208488e+50 161
1757462736353 4.0921535327923196e+52 162
1757462736409 1.984042089397368e+53 163
1757462736454 1.9743622785591661e+52 164
1757462736510 7.0596552760064e+51 165
1757462736579 5.755953043901227e+52 166
1757462736651 4.2701623487250575e+53 167
1757462736706 4.982542737334911e+52 168
1757462736767 2.740579765285272e+55 169
1757462736819 6.974146876953396e+53 170
1757462736868 1.1216278252873076e+54 171
1757462736914 6.405410173809665e+55 172
1757462736967 8.904777780880666e+53 173
1757462737026 1.250047076313793e+55 174
1757462737092 2.437020854682597e+54 175
1757462737144 4.4618732844453084e+54 176
1757462737197 5.8063534208004625e+54 177
1757462737247 8.025908677294205e+55 178
1757462737366 1.0240678081107151e+56 179
1757462737430 8.568571125067845e+52 180
1757462737478 2.1816347084780248e+56 181
1757462737542 3.9973155921424415e+55 182
1757462737599 1.2968890933829839e+56 183
1757462737663 2.4672990877510775e+57 184
1757462737714 2.8034340963885696e+57 185
1757462737760 1.7272008998548165e+58 186
1757462737813 1.5453834418197263e+59 187
1757462737873 1.1188528940614264e+59 188
1757462737915 6.947208913779116e+59 189
1757462737956 1.6232639108032125e+60 190
1757462738000 4.984597499536012e+59 191
1757462738059 9.662666199687795e+60 192
1757462738107 2.133249968370612e+60 193
1757462738159 1.2033170257397829e+56 194
1757462738222 3.1287648017287875e+59 195
1757462738280 4.177860846790973e+59 196
1757462738319 1.2327144643171798e+61 197
1757462738360 5.54193841867212e+60 198
1757462738440 4.638409980273463e+61 199
1757462738497 1.9980524741950633e+62 200
1757462738549 8.028726383704629e+62 201
1757462738610 9.865917347319886e+62 202
1757462738672 2.857494483051874e+63 203
1757462738740 1.5658481581206462e+64 204
1757462738792 1.899827281762692e+64 205
1757462738845 1.6536023503755165e+64 206
1757462738900 1.4343436351452233e+65 207
1757462738948 3.2294126099866277e+66 208
1757462738996 2.9700574702275838e+66 209
1757462739042 6.651070074269466e+65 210
1757462739101 5.29363871333492e+67 211
1757462739158 1.3663820056265214e+67 212
1757462739226 9.644401128505909e+66 213
1757462739288 4.908826428695717e+67 214
1757462739347 2.053679309548982e+67 215
1757462739393 1.1945518090882818e+68 216
1757462739451 5.142645897267882e+68 217
1757462739508 7.046769025112785e+69 218
1757462739565 3.4351541343689353e+69 219
1757462739627 7.402136726524276e+69 220
1757462739695 4.253413005566449e+71 221
1757462739744 3.8969859563956227e+70 222
1757462739796 5.993817654044606e+71 223
1757462739845 6.467561907457817e+71 224
1757462739901 2.588176212450757e+72 225
1757462739960 1.222990810752862e+72 226
1757462740011 9.863973500897687e+72 227
1757462740068 3.435128659031986e+71 228
1757462740132 7.85855602317479e+73 229
1757462740192 2.051874734039721e+74 230
1757462740251 1.6098320061104937e+74 231
1757462740309 7.305860760120609e+73 232
1757462740364 1.3193089394518789e+73 233
1757462740421 5.506361768651655e+75 234
1757462740472 9.372850588720415e+74 235
1757462740528 4.491934351659342e+75 236
1757462740582 2.6368747255056128e+75 237
1757462740637 3.800932327295718e+77 238
1757462740697 1.2203097350105045e+76 239
1757462740750 4.3309521325721783e+77 240
1757462740805 6.483837385332343e+77 241
1757462740866 5.335483309854618e+76 242
1757462740917 4.826346848789353e+77 243
1757462740976 2.4190998020088657e+76 244
1757462741028 7.725590444242528e+77 245
1757462741091 4.843108272741367e+77 246
1757462741160 4.925988592160801e+79 247
1757462741214 1.3922016429649853e+79 248
1757462741275 2.1775929218364975e+79 249
1757462741332 4.505154964483046e+79 250
1757462741394 3.751398505722363e+79 251
1757462741449 1.4201874400722706e+80 252
1757462741501 1.6215887996657517e+80 253
1757462741564 5.763543378579275e+80 254
1757462741620 8.742254886525297e+80 255
1757462741675 1.8037995908002707e+81 256
1757462741749 4.9020047624809525e+81 257
1757462741867 8.61990535806613e+81 258
1757462741933 3.5671730145567824e+81 259
1757462741990 9.67571655700992e+82 260
1757462742052 3.582619358801078e+83 261
1757462742126 7.638991756827335e+83 262
1757462742194 3.75657966536777e+83 263
1757462742244 1.663226818709245e+85 264
1757462742295 5.95839030943504e+85 265
1757462742362 8.597451747681845e+84 266
1757462742425 1.650378292440753e+85 267
1757462742496 4.362304964831766e+86 268
1757462742569 1.4746267245136736e+85 269
1757462742619 8.427389193283023e+87 270
1757462742676 1.4963562019999013e+87 271
1757462742731 7.67947174058998e+84 272
1757462742789 1.8926761183744218e+87 273
1757462742850 1.0573364113891361e+87 274
1757462742912 3.726081312322873e+88 275
1757462742969 7.65362896323981e+88 276
1757462743031 1.987774006872886e+89 277
1757462743085 9.65752073065253e+84 278
1757462743138 3.926409793084409e+88 279
1757462743195 1.9468729487194337e+88 280
1757462743256 5.1652561322006075e+85 281
1757462743315 3.535919274500009e+90 282
1757462743387 6.169647971888177e+89 283
1757462743443 1.0351112788201968e+90 284
1757462743502 2.7832090058726644e+89 285
1757462743571 6.225522821894343e+90 286
1757462743640 5.643473314319165e+91 287
1757462743708 2.866014822219676e+91 288
1757462743768 2.1478331898656984e+91 289
1757462743861 6.915405130775709e+91 290
1757462743922 7.773033860208502e+91 291
1757462743982 5.146601749987e+92 292
1757462744045 1.649370346133602e+93 293
1757462744161 7.428144088660507e+91 294
1757462744220 7.805942093987952e+93 295
1757462744272 4.2788963810360144e+92 296
1757462744327 1.0778409101999503e+94 297
1757462744379 3.5400844009190566e+93 298
1757462744441 4.6142119691925375e+95 299
1757462744518 2.3718591288451755e+95 300
1757462744573 7.302598819228548e+94 301
1757462744643 9.208068708924168e+94 302
1757462744698 1.659921924547085e+96 303
1757462744751 2.852275134288768e+96 304
1757462744816 3.342977757683509e+96 305
1757462744910 1.175803540191451e+97 306
1757462744956 5.009069117818438e+97 307
1757462745008 5.509170068381084e+98 308
1757462745059 1.655275188817042e+98 309
1757462745124 1.8240186938264012e+99 310
1757462745179 6.857203342316933e+98 311
1757462745230 4.947307609377169e+99 312
1757462745292 6.638002303503774e+99 313
1757462745366 6.453618112150555e+100 314
1757462745423 1.5870379946654025e+99 315
1757462745492 1.6097460784715234e+102 316
1757462745560 1.2835497867932855e+101 317
1757462745619 5.1306724786096144e+101 318
1757462745669 4.866816703706748e+101 319
1757462745726 1.254060207335595e+102 320
1757462745783 5.541707631010983e+100 321
1757462745825 1.7884502667730684e+102 322
1757462745873 3.296865158243004e+102 323
1757462745941 1.5728142091401055e+103 324
1757462746004 7.892978621916411e+103 325
1757462746048 6.433162699007065e+103 326
1757462746098 2.48751080921475e+104 327
1757462746143 4.0178051601876896e+105 328
1757462746207 4.224179500202419e+102 329
1757462746263 2.3321453039895538e+103 330
1757462746324 1.6419648690596513e+107 331
1757462746381 4.0808202069127085e+103 332
1757462746436 3.788995129613733e+106 333
1757462746490 2.0888761039237887e+106 334
1757462746544 1.1053342609946135e+106 335
1757462746605 1.2211196500340339e+107 336
1757462746667 4.941333333221207e+108 337
1757462746731 8.728348386595481e+107 338
1757462746797 7.76280458849479e+108 339
1757462746853 3.1659609183425654e+109 340
1757462746913 4.983498724946501e+110 341
1757462746966 1.9099603377967747e+109 342
1757462747023 2.0389482417001384e+109 343
1757462747083 3.270621817809954e+110 344
1757462747144 1.1226468969130568e+110 345
1757462747222 5.033952728256407e+110 346
1757462747279 1.4932369127922464e+112 347
1757462747359 5.549743456437945e+112 348
1757462747415 9.923294081478846e+112 349
1757462747480 5.889986002728821e+112 350
1757462747566 1.019683450671712e+113 351
1757462747633 4.4854925253485863e+114 352
1757462747698 1.3675316610533775e+113 353
1757462747756 2.7656307109612346e+113 354
1757462747803 1.768923395473982e+115 355
1757462747846 9.53725046380207e+113 356
1757462747889 9.98687485022162e+114 357
1757462747942 5.640354950347443e+115 358
1757462748000 1.0089180405775808e+115 359
1757462748056 4.610698645220478e+115 360
1757462748117 7.495333090618877e+115 361
1757462748174 4.244102412797819e+116 362
1757462748230 1.806469237819725e+116 363
1757462748285 4.663290417861644e+116 364
1757462748345 2.4317560795800647e+116 365
1757462748401 3.529852331136805e+117 366
1757462748464 8.762676032196152e+118 367
1757462748515 3.9115393976835274e+118 368
1757462748578 2.7127261810383164e+120 369
1757462748639 1.8871278365566157e+118 370
1757462748704 8.691903225706429e+117 371
1757462748758 1.1309801432240124e+119 372
1757462748813 4.091883965109748e+119 373
1757462748873 9.372321271373445e+119 374
1757462748942 3.4552276799981663e+120 375
1757462749006 8.657815382205365e+120 376
1757462749064 5.580435457098115e+121 377
1757462749112 8.789346706569592e+121 378
1757462749173 3.0462908299219048e+121 379
1757462749224 4.367187674454355e+122 380
1757462749274 2.1103447365820515e+123 381
1757462749341 6.386369235277511e+122 382
1757462749405 2.3518345364998815e+123 383
1757462749474 6.21733384451083e+121 384
1757462749535 6.744117203099838e+124 385
1757462749600 7.647314960383897e+122 386
1757462749658 2.7914271157948243e+122 387
1757462749705 2.89854439372356e+123 388
1757462749755 5.2013035544527994e+123 389
1757462749806 3.814403990829993e+123 390
1757462749866 7.464848273610887e+124 391
1757462749934 1.4311243202617096e+125 392
1757462749992 9.140884473634864e+122 393
1757462750043 1.735247613558829e+125 394
1757462750101 3.385383263504653e+126 395
1757462750163 1.7946233696819836e+125 396
1757462750219 2.9187515639118844e+126 397
1757462750272 1.8492812835242337e+126 398
1757462750338 6.115787771223321e+125 399
1757462750399 4.2887598911649095e+124 400
1757462750475 7.401835517030371e+128 401
1757462750540 4.487922935617829e+126 402
1757462750595 2.987842293543001e+126 403
1757462750654 3.0958449484173556e+128 404
1757462750714 1.9773280453796386e+128 405
1757462750784 6.343619257877886e+129 406
1757462750835 5.1996452805551775e+129 407
1757462750888 3.135147002728914e+129 408
1757462750949 3.776487112982845e+130 409
1757462751025 5.0169156730184783e+129 410
1757462751094 1.1101996258351456e+130 411
1757462751145 2.708613220273622e+131 412
1757462751212 6.533688735184053e+130 413
1757462751274 1.974076154671319e+131 414
1757462751326 1.808566566890932e+131 415
1757462751400 1.1897964140907464e+132 416
1757462751468 2.8894190213353054e+130 417
1757462751515 1.9508316351024288e+132 418
1757462751585 3.712643431124251e+131 419
1757462751638 4.621653196509449e+131 420
1757462751694 3.848735950502896e+131 421
1757462751748 6.045789567252077e+132 422
1757462751802 3.5521502048780783e+134 423
1757462751866 1.6487926924739649e+134 424
1757462751923 4.58935233379512e+133 425
1757462751982 1.6725110831390887e+134 426
1757462752038 2.6517240106829046e+135 427
1757462752096 6.403865694614959e+133 428
1757462752151 2.492446211113385e+135 429
1757462752220 7.590590772656018e+135 430
1757462752280 2.0234853871636912e+136 431
1757462752332 3.8129825119645086e+136 432
1757462752395 3.8051669353103256e+136 433
1757462752459 5.545096511092214e+137 434
1757462752518 2.959359892901553e+137 435
1757462752575 3.22793729544093e+138 436
1757462752635 4.6476178744553354e+139 437
1757462752697 6.731438713936023e+136 438
1757462752763 2.950542387050682e+138 439
1757462752823 4.143225395685746e+138 440
1757462752890 1.7524461940844522e+139 441
1757462752944 1.253190293117756e+140 442
1757462753006 2.1771524766304862e+139 443
1757462753063 3.1106848302517706e+139 444
1757462753130 2.137725473807229e+140 445
1757462753190 2.8967677808287207e+140 446
1757462753250 1.3283748372108721e+142 447
1757462753319 2.481214224054335e+142 448
1757462753381 7.628557497351932e+142 449
1757462753438 1.4060472149787175e+143 450
1757462753487 1.6476611660443528e+142 451
1757462753548 9.482772970282569e+142 452
1757462753609 2.1282951464574257e+143 453
1757462753665 4.374273866029778e+143 454
1757462753726 2.6733661544138176e+144 455
1757462753789 1.4964220489831891e+144 456
1757462753860 3.164364705066181e+144 457
1757462753930 5.0416789314948784e+146 458
1757462753996 4.889076264257328e+145 459
1757462754055 1.2051490970325737e+147 460
1757462754107 1.9057048708611572e+148 461
1757462754178 5.501690458009341e+145 462
1757462754228 6.462548404781317e+146 463
1757462754289 3.3504771193943105e+148 464
1757462754359 3.714393798979181e+147 465
1757462754419 4.6012201456944396e+147 466
1757462754488 2.9679769501878955e+147 467
1757462754547 1.3269875242215204e+151 468
1757462754615 4.1180226778961166e+148 469
1757462754674 1.2178686551923476e+145 470
1757462754741 2.139157901397279e+150 471
1757462754826 5.36867392752609e+149 472
1757462754884 4.5775488205068365e+150 473
1757462754958 9.916221649371685e+149 474
1757462755034 2.835640110872069e+150 475
1757462755108 5.481148210095286e+150 476
1757462755166 1.8425094705161328e+152 477
1757462755223 5.064518926104917e+152 478
1757462755275 1.0035380441903027e+153 479
1757462755341 1.7327991729795552e+147 480
1757462755415 4.336150467012117e+151 481
1757462755464 6.480860959191262e+152 482
1757462755524 4.901322889198644e+153 483
1757462755588 1.3272719085703325e+154 484
1757462755648 1.2390141047730495e+154 485
1757462755718 2.1653522753767452e+154 486
1757462755786 2.2955313174067427e+154 487
1757462755853 7.380383842800685e+153 488
1757462755913 9.722213633499502e+154 489
1757462755988 4.731498156095861e+155 490
1757462756057 6.125287402037879e+154 491
1757462756119 1.6460543037692767e+156 492
1757462756182 4.919878465758288e+156 493
1757462756228 9.302889315094685e+154 494
1757462756274 5.490865144828929e+158 495
1757462756324 7.576261435097826e+156 496
1757462756388 3.706625910769711e+157 497
1757462756449 6.476349731052969e+158 498
1757462756510 4.4660249977954944e+160 499
