1757462601795 169.10243612408735 0
1757462601812 169.09879802115475 1
1757462601824 169.09517930938028 2
1757462601855 169.0915798655843 3
1757462601880 169.08799956742456 4
1757462601917 169.08443829339046 5
1757462601932 169.08089592279725 6
1757462601941 169.07737233578015 7
1757462601952 169.07386741328853 8
1757462601961 169.0703810370805 9
1757462601977 169.06691308971696 10
1757462601986 169.06346345455617 11
1757462601997 169.0600320157481 12
1757462602013 169.05661865822896 13
1757462602026 169.05322326771554 14
1757462602043 169.04984573069987 15
1757462602051 169.0464859344439 16
1757462602058 169.0431437669738 17
1757462602075 169.0398191170751 18
1757462602088 169.03651187428682 19
1757462602095 169.03322192889672 20
1757462602110 169.0299491719357 21
1757462602126 169.02669349517276 22
1757462602137 169.0234547911099 23
1757462602144 169.02023295297684 24
1757462602155 169.0170278747261 25
1757462602162 169.01383945102782 26
1757462602178 169.01066757726483 27
1757462602189 169.00751214952766 28
1757462602197 169.00437306460952 29
1757462602210 169.00125022000162 30
1757462602217 168.99814351388792 31
1757462602234 168.99505284514072 32
1757462602244 168.99197811331555 33
1757462602259 168.9889192186465 34
1757462602273 168.98587606204146 35
1757462602283 168.9828485450776 36
1757462602291 168.9798365699964 37
1757462602298 168.97684003969917 38
1757462602306 168.97385885774256 39
1757462602317 168.97089292833377 40
1757462602340 168.96794215632616 41
1757462602361 168.9650064472147 42
1757462602379 168.96208570713154 43
1757462602392 168.95917984284145 44
1757462602420 168.95628876173754 45
1757462602427 168.95341237183683 46
1757462602441 168.95055058177593 47
1757462602452 168.94770330080667 48
1757462602467 168.94487043879187 49
1757462602476 168.94205190620096 50
1757462602489 168.93924761410602 51
1757462602500 168.9364574741773 52
1757462602510 168.93368139867925 53
1757462602526 168.9309193004662 54
1757462602541 168.92817109297843 55
1757462602554 168.92543669023803 56
1757462602563 168.92271600684484 57
1757462602576 168.9200089579724 58
1757462602590 168.91731545936403 59
1757462602606 168.91463542732873 60
1757462602626 168.91196877873753 61
1757462602634 168.90931543101922 62
1757462602651 168.90667530215666 63
1757462602659 168.90404831068307 64
1757462602668 168.90143437567775 65
1757462602684 168.89883341676293 66
1757462602696 168.8962453540994 67
1757462602712 168.89367010838305 68
1757462602726 168.8911076008412 69
1757462602739 168.88855775322875 70
1757462602748 168.8860204878246 71
1757462602760 168.88349572742794 72
1757462602772 168.88098339535483 73
1757462602783 168.87848341543435 74
1757462602797 168.8759957120052 75
1757462602811 168.87352020991204 76
1757462602834 168.87105683450227 77
1757462602849 168.86860551162206 78
1757462602858 168.8661661676134 79
1757462602890 168.8637387293102 80
1757462602912 168.8613231240353 81
1757462602928 168.85891927959665 82
1757462602944 168.85652712428436 83
1757462602969 168.85414658686705 84
1757462602981 168.85177759658868 85
1757462602996 168.8494200831652 86
1757462603010 168.84707397678133 87
1757462603021 168.8447392080872 88
1757462603033 168.84241570819523 89
1757462603041 168.84010340867698 90
1757462603050 168.83780224155973 91
1757462603059 168.8355121393236 92
1757462603083 168.8332330348982 93
1757462603093 168.83096486165968 94
1757462603104 168.8287075534275 95
1757462603114 168.8264610444614 96
1757462603123 168.82422526945854 97
1757462603132 168.82200016355003 98
1757462603143 168.81978566229841 99
1757462603164 168.81758170169437 100
1757462603180 168.81538821815394 101
1757462603190 168.81320514851535 102
1757462603209 168.8110324300364 103
1757462603222 168.80887000039127 104
1757462603236 168.8067177976677 105
1757462603244 168.80457576036446 106
1757462603307 168.80244382738798 107
1757462603320 168.80032193804993 108
1757462603337 168.79821003206416 109
1757462603348 168.7961080495442 110
1757462603357 168.79401593100025 111
1757462603372 168.79193361733653 112
1757462603393 168.78986104984855 113
1757462603404 168.78779817022044 114
1757462603415 168.7857449205222 115
1757462603428 168.7837012432072 116
1757462603439 168.78166708110916 117
1757462603451 168.77964237744004 118
1757462603464 168.777627075787 119
1757462603487 168.77562112011 120
1757462603496 168.77362445473918 121
1757462603504 168.77163702437244 122
1757462603524 168.7696587740726 123
1757462603536 168.76768964926518 124
1757462603553 168.76572959573582 125
1757462603579 168.7637785596277 126
1757462603591 168.76183648743913 127
1757462603604 168.75990332602115 128
1757462603614 168.75797902257503 129
1757462603622 168.7560635246499 130
