1757462870676 167.7121135730808 0
1757462870695 165.60249557778909 1
1757462870711 167.16324160200244 2
1757462870719 168.8007698233721 3
1757462870729 171.28361139909643 4
1757462870737 164.0198727586864 5
1757462870754 167.13462291852395 6
1757462870761 167.45573875673665 7
1757462870779 166.66408313008063 8
1757462870787 171.19441608434735 9
1757462870799 165.0032600432443 10
1757462870806 165.1620781522392 11
1757462870826 169.63298160962214 12
1757462870834 167.94770126154066 13
1757462870848 165.81112834321834 14
1757462870863 162.76651928921328 15
1757462870872 169.5511592378489 16
1757462870889 172.9769995984368 17
1757462870902 169.54905709344976 18
1757462870914 170.06781346686887 19
1757462870934 170.1526840461669 20
1757462870941 176.45890252285622 21
1757462870955 164.45773432657617 22
1757462870964 167.82312085586562 23
1757462870980 168.4949313497874 24
1757462870992 185.4437556374708 25
1757462871006 169.04333455101758 26
1757462871018 168.29850080132047 27
1757462871025 173.96184570251867 28
1757462871033 165.171637131246 29
1757462871040 165.8991063287662 30
1757462871055 171.84627814712658 31
1757462871063 176.9768957603226 32
1757462871078 168.3246999256191 33
1757462871087 171.32472546046998 34
1757462871099 167.03217614858445 35
1757462871108 171.412885085504 36
1757462871122 167.6609555257848 37
1757462871134 167.7756257770717 38
1757462871146 169.01451919083902 39
1757462871154 171.76536729229693 40
1757462871174 167.93675868697002 41
1757462871198 170.39681804691247 42
1757462871210 174.01222683290757 43
1757462871219 171.58534121314057 44
1757462871233 170.03518059300012 45
1757462871243 166.89469360402055 46
1757462871252 168.74862567517883 47
1757462871275 170.01899814466665 48
1757462871288 169.78650961770103 49
1757462871306 171.85830193090183 50
1757462871321 163.13891980189655 51
1757462871333 167.37825861546696 52
1757462871345 170.82206798401143 53
1757462871356 162.29622146218523 54
1757462871370 175.20660334400068 55
1757462871385 171.18932914899338 56
