1757463106110 2.604187042652832e+218 0
1757463106179 inf 1
1757463106268 nan 2
1757463106357 nan 3
1757463106419 nan 4
1757463106485 nan 5
1757463106579 nan 6
1757463106650 nan 7
1757463106725 nan 8
1757463106816 nan 9
1757463106902 nan 10
1757463106973 nan 11
1757463107042 nan 12
1757463107133 nan 13
1757463107198 nan 14
1757463107268 nan 15
1757463107326 nan 16
1757463107401 nan 17
1757463107468 nan 18
1757463107531 nan 19
1757463107601 nan 20
1757463107665 nan 21
1757463107742 nan 22
1757463107809 nan 23
1757463107879 nan 24
1757463107968 nan 25
1757463108029 nan 26
1757463108097 nan 27
1757463108185 nan 28
1757463108254 nan 29
1757463108321 nan 30
1757463108387 nan 31
1757463108464 nan 32
1757463108568 nan 33
1757463108629 nan 34
1757463108698 nan 35
1757463108769 nan 36
1757463108847 nan 37
1757463108926 nan 38
1757463108998 nan 39
1757463109079 nan 40
1757463109160 nan 41
1757463109239 nan 42
1757463109326 nan 43
1757463109402 nan 44
1757463109480 nan 45
1757463109559 nan 46
1757463109626 nan 47
1757463109696 nan 48
1757463109770 nan 49
1757463109849 nan 50
1757463109912 nan 51
1757463109979 nan 52
1757463110041 nan 53
1757463110101 nan 54
1757463110163 nan 55
1757463110228 nan 56
1757463110300 nan 57
1757463110375 nan 58
1757463110442 nan 59
1757463110500 nan 60
1757463110560 nan 61
1757463110650 nan 62
1757463110717 nan 63
1757463110792 nan 64
1757463110857 nan 65
1757463110932 nan 66
1757463111010 nan 67
1757463111097 nan 68
1757463111156 nan 69
1757463111218 nan 70
1757463111294 nan 71
1757463111370 nan 72
1757463111445 nan 73
1757463111518 nan 74
1757463111588 nan 75
1757463111675 nan 76
1757463111757 nan 77
1757463111830 nan 78
1757463111910 nan 79
1757463111975 nan 80
1757463112047 nan 81
1757463112116 nan 82
1757463112198 nan 83
1757463112267 nan 84
1757463112327 nan 85
1757463112404 nan 86
1757463112473 nan 87
1757463112550 nan 88
1757463112613 nan 89
1757463112693 nan 90
1757463112761 nan 91
1757463112825 nan 92
1757463112892 nan 93
1757463112963 nan 94
1757463113030 nan 95
1757463113108 nan 96
1757463113177 nan 97
1757463113241 nan 98
1757463113314 nan 99
1757463113388 nan 100
1757463113454 nan 101
1757463113529 nan 102
1757463113589 nan 103
1757463113670 nan 104
1757463113727 nan 105
1757463113790 nan 106
1757463113862 nan 107
1757463113936 nan 108
1757463114004 nan 109
1757463114073 nan 110
1757463114129 nan 111
1757463114200 nan 112
1757463114288 nan 113
1757463114372 nan 114
1757463114454 nan 115
1757463114536 nan 116
1757463114604 nan 117
1757463114673 nan 118
1757463114760 nan 119
1757463115081 nan 120
1757463115163 nan 121
1757463115252 nan 122
1757463115412 nan 123
1757463115612 nan 124
1757463115704 nan 125
1757463115769 nan 126
1757463115834 nan 127
1757463115895 nan 128
1757463115958 nan 129
1757463116074 nan 130
1757463116146 nan 131
1757463116229 nan 132
1757463116305 nan 133
1757463116369 nan 134
1757463116448 nan 135
1757463116516 nan 136
1757463116592 nan 137
1757463116676 nan 138
1757463116750 nan 139
1757463116835 nan 140
1757463116898 nan 141
1757463116983 nan 142
1757463117057 nan 143
1757463117130 nan 144
1757463117208 nan 145
1757463117275 nan 146
1757463117369 nan 147
1757463117496 nan 148
1757463117576 nan 149
1757463117638 nan 150
1757463117705 nan 151
1757463117771 nan 152
1757463117841 nan 153
1757463117936 nan 154
1757463118005 nan 155
1757463118089 nan 156
1757463118162 nan 157
1757463118241 nan 158
1757463118309 nan 159
1757463118384 nan 160
1757463118464 nan 161
1757463118538 nan 162
1757463118601 nan 163
1757463118676 nan 164
1757463118742 nan 165
1757463118823 nan 166
1757463118907 nan 167
1757463118970 nan 168
1757463119056 nan 169
1757463119130 nan 170
1757463119219 nan 171
1757463119291 nan 172
1757463119351 nan 173
1757463119416 nan 174
1757463119492 nan 175
1757463119561 nan 176
1757463119635 nan 177
1757463119700 nan 178
1757463119777 nan 179
1757463119842 nan 180
1757463119917 nan 181
1757463119987 nan 182
1757463120073 nan 183
1757463120162 nan 184
1757463120225 nan 185
1757463120292 nan 186
1757463120367 nan 187
1757463120439 nan 188
1757463120521 nan 189
1757463120601 nan 190
1757463120673 nan 191
1757463120750 nan 192
1757463120840 nan 193
1757463120913 nan 194
1757463120998 nan 195
1757463121075 nan 196
1757463121163 nan 197
1757463121240 nan 198
1757463121313 nan 199
1757463121388 nan 200
1757463121462 nan 201
1757463121536 nan 202
1757463121626 nan 203
1757463121700 nan 204
1757463121775 nan 205
1757463121856 nan 206
1757463121939 nan 207
1757463122020 nan 208
1757463122110 nan 209
1757463122184 nan 210
1757463122249 nan 211
1757463122313 nan 212
1757463122418 nan 213
1757463122494 nan 214
1757463122630 nan 215
1757463122721 nan 216
1757463122815 nan 217
1757463122909 nan 218
1757463122976 nan 219
1757463123042 nan 220
1757463123119 nan 221
1757463123185 nan 222
1757463123246 nan 223
1757463123313 nan 224
1757463123391 nan 225
1757463123469 nan 226
1757463123569 nan 227
1757463123693 nan 228
1757463123823 nan 229
1757463123977 nan 230
1757463124094 nan 231
1757463124307 nan 232
1757463124455 nan 233
1757463124593 nan 234
1757463124709 nan 235
1757463124916 nan 236
1757463125262 nan 237
1757463125425 nan 238
1757463125585 nan 239
1757463125870 nan 240
1757463126119 nan 241
1757463126335 nan 242
1757463126635 nan 243
1757463126762 nan 244
1757463126953 nan 245
1757463127029 nan 246
1757463127101 nan 247
1757463127172 nan 248
1757463127249 nan 249
1757463127360 nan 250
1757463127463 nan 251
1757463127774 nan 252
1757463128150 nan 253
1757463128485 nan 254
1757463128724 nan 255
1757463128796 nan 256
1757463128881 nan 257
1757463128958 nan 258
1757463129037 nan 259
1757463129120 nan 260
1757463129202 nan 261
1757463129285 nan 262
1757463129364 nan 263
1757463129439 nan 264
1757463129521 nan 265
1757463129597 nan 266
1757463129687 nan 267
1757463129773 nan 268
1757463129848 nan 269
1757463129921 nan 270
1757463129988 nan 271
1757463130061 nan 272
1757463130143 nan 273
1757463130195 nan 274
1757463130253 nan 275
1757463130317 nan 276
1757463130464 nan 277
1757463130579 nan 278
1757463130657 nan 279
1757463130733 nan 280
1757463130803 nan 281
1757463130878 nan 282
1757463130941 nan 283
1757463131012 nan 284
1757463131091 nan 285
1757463131161 nan 286
1757463131239 nan 287
1757463131314 nan 288
1757463131390 nan 289
1757463131473 nan 290
1757463131557 nan 291
1757463131633 nan 292
1757463131715 nan 293
1757463131784 nan 294
1757463131841 nan 295
1757463131904 nan 296
1757463131977 nan 297
1757463132051 nan 298
1757463132123 nan 299
1757463132187 nan 300
1757463132294 nan 301
1757463132434 nan 302
1757463132629 nan 303
1757463132930 nan 304
1757463133089 nan 305
1757463133250 nan 306
1757463133353 nan 307
1757463133431 nan 308
1757463133510 nan 309
1757463133609 nan 310
1757463133701 nan 311
1757463133777 nan 312
1757463133872 nan 313
1757463133953 nan 314
1757463134065 nan 315
1757463134221 nan 316
1757463134371 nan 317
1757463134468 nan 318
1757463134546 nan 319
1757463134639 nan 320
1757463134721 nan 321
1757463134797 nan 322
1757463134867 nan 323
1757463134953 nan 324
1757463135042 nan 325
1757463135123 nan 326
1757463135209 nan 327
1757463135293 nan 328
1757463135377 nan 329
1757463135468 nan 330
1757463135579 nan 331
1757463135655 nan 332
1757463135726 nan 333
1757463135811 nan 334
1757463135907 nan 335
1757463135985 nan 336
1757463136072 nan 337
1757463136141 nan 338
1757463136219 nan 339
1757463136323 nan 340
1757463136423 nan 341
1757463136498 nan 342
1757463136583 nan 343
1757463136678 nan 344
1757463136746 nan 345
1757463136819 nan 346
1757463136901 nan 347
1757463136971 nan 348
1757463137045 nan 349
1757463137126 nan 350
1757463137199 nan 351
1757463137276 nan 352
1757463137349 nan 353
1757463137440 nan 354
1757463137514 nan 355
1757463137607 nan 356
1757463137678 nan 357
1757463137755 nan 358
1757463137827 nan 359
1757463137907 nan 360
1757463137977 nan 361
1757463138047 nan 362
1757463138138 nan 363
1757463138207 nan 364
1757463138288 nan 365
1757463138373 nan 366
1757463138445 nan 367
1757463138505 nan 368
1757463138565 nan 369
1757463138628 nan 370
1757463138700 nan 371
1757463138771 nan 372
1757463138850 nan 373
1757463138913 nan 374
1757463138987 nan 375
1757463139055 nan 376
1757463139119 nan 377
1757463139189 nan 378
1757463139254 nan 379
1757463139322 nan 380
1757463139392 nan 381
1757463139456 nan 382
1757463139525 nan 383
1757463139595 nan 384
1757463139676 nan 385
1757463139755 nan 386
1757463139853 nan 387
1757463139945 nan 388
1757463140027 nan 389
1757463140100 nan 390
1757463140177 nan 391
1757463140250 nan 392
1757463140338 nan 393
1757463140413 nan 394
1757463140492 nan 395
1757463140572 nan 396
1757463140643 nan 397
1757463140722 nan 398
1757463140801 nan 399
1757463140907 nan 400
1757463141016 nan 401
1757463141088 nan 402
1757463141156 nan 403
1757463141236 nan 404
1757463141332 nan 405
1757463141409 nan 406
1757463141486 nan 407
1757463141561 nan 408
1757463141632 nan 409
1757463141727 nan 410
1757463141805 nan 411
1757463141884 nan 412
1757463141966 nan 413
1757463142038 nan 414
1757463142118 nan 415
1757463142190 nan 416
1757463142265 nan 417
1757463142335 nan 418
1757463142403 nan 419
1757463142469 nan 420
1757463142539 nan 421
1757463142619 nan 422
1757463142685 nan 423
1757463142755 nan 424
1757463142826 nan 425
1757463142882 nan 426
1757463142976 nan 427
1757463143042 nan 428
1757463143120 nan 429
1757463143180 nan 430
1757463143250 nan 431
1757463143331 nan 432
1757463143416 nan 433
1757463143483 nan 434
1757463143563 nan 435
1757463143635 nan 436
1757463143728 nan 437
1757463143840 nan 438
1757463143918 nan 439
1757463143987 nan 440
1757463144063 nan 441
1757463144143 nan 442
1757463144207 nan 443
1757463144371 nan 444
1757463144466 nan 445
1757463144527 nan 446
1757463144667 nan 447
1757463144748 nan 448
1757463144830 nan 449
1757463144915 nan 450
1757463144995 nan 451
1757463145075 nan 452
1757463145153 nan 453
1757463145230 nan 454
1757463145302 nan 455
1757463145391 nan 456
1757463145483 nan 457
1757463145571 nan 458
1757463145651 nan 459
1757463145725 nan 460
1757463145805 nan 461
1757463145883 nan 462
1757463145978 nan 463
1757463146092 nan 464
1757463146175 nan 465
1757463146263 nan 466
1757463146340 nan 467
1757463146428 nan 468
1757463146507 nan 469
1757463146649 nan 470
1757463146721 nan 471
1757463146815 nan 472
1757463146892 nan 473
1757463146966 nan 474
1757463147057 nan 475
1757463147144 nan 476
1757463147220 nan 477
1757463147292 nan 478
1757463147375 nan 479
1757463147449 nan 480
1757463147533 nan 481
1757463147602 nan 482
1757463147678 nan 483
1757463147747 nan 484
1757463147831 nan 485
1757463147929 nan 486
1757463148016 nan 487
1757463148103 nan 488
1757463148413 nan 489
1757463148719 nan 490
1757463148840 nan 491
1757463148945 nan 492
1757463149029 nan 493
1757463149111 nan 494
1757463149241 nan 495
1757463149351 nan 496
1757463149434 nan 497
1757463149559 nan 498
1757463149685 nan 499
