1757462415506 179.83025633597214 0
1757462415540 96.166222988186 1
1757462415590 170.13455880156525 2
1757462415631 197.13030743876845 3
1757462415688 142.35831267299014 4
1757462415729 118.14830128445215 5
1757462415759 105.11779918623931 6
1757462415790 131.59189639173763 7
1757462415826 115.14804102976527 8
1757462415863 115.11659716908558 9
1757462415909 202.96108338342952 10
1757462415950 299.4053647025443 11
1757462415993 797.109681654823 12
1757462416039 42.815322268899386 13
1757462416086 69.12240208448016 14
1757462416126 482.0989999884147 15
1757462416173 722.7787134546732 16
1757462416213 0.345499590553494 17
1757462416279 12246.170249943865 18
1757462416310 2314.2845716440056 19
1757462416358 25533.139922271854 20
1757462416399 15099.455620737037 21
1757462416444 5771725.690643141 22
1757462416479 310233.65489052614 23
1757462416517 309741.27469002956 24
1757462416554 12836324.66486838 25
1757462416609 415128037.18939346 26
1757462416656 82137231.78349447 27
1757462416707 4600721.089349545 28
1757462416746 72300583.48656978 29
1757462416781 27697001.75983151 30
1757462416828 150657423.5187935 31
1757462416871 2872594060.0065455 32
1757462416902 31877400553.71086 33
1757462416943 87755774.63368806 34
1757462416994 57006582034.18194 35
1757462417031 9814329586.760893 36
1757462417070 101121628.23779109 37
1757462417105 1552007912.9603653 38
1757462417147 78195738847.87988 39
1757462417189 506010018686.25635 40
1757462417229 5841077692411.351 41
1757462417278 47048107560.558914 42
1757462417320 4320309042159.471 43
1757462417395 23062368354253.844 44
1757462417437 8785410861371.931 45
1757462417475 80337118046350.12 46
1757462417513 195705153641250.2 47
1757462417555 30281564707518.066 48
1757462417590 1426377945894823.0 49
1757462417647 3139037212969288.5 50
1757462417692 2962631453398508.0 51
1757462417729 1118781711169593.6 52
1757462417773 5094042457964964.0 53
1757462417814 2399586691649197.0 54
1757462417865 5518911424971846.0 55
1757462417914 1.896378563112988e+17 56
1757462417954 5.590171650957341e+18 57
1757462417991 1.7296474316587578e+17 58
1757462418034 4.207941832907472e+17 59
1757462418075 2.9215205165920497e+18 60
1757462418116 2.918343253863635e+20 61
1757462418157 3.0713782082460186e+17 62
1757462418201 3.14190846904931e+19 63
1757462418247 6.0280546647540695e+19 64
1757462418282 1.0085461253592143e+20 65
1757462418325 7.730547762379589e+20 66
1757462418364 1.2946257857987787e+21 67
1757462418394 4.858191273509219e+22 68
1757462418431 1.6726774296690754e+21 69
1757462418485 1.7995969161693332e+22 70
1757462418536 2.273426390167825e+22 71
1757462418586 5.0050416162918405e+22 72
1757462418626 3.822253644493616e+22 73
1757462418669 2.339011302636628e+22 74
1757462418715 6.929134039131254e+22 75
1757462418759 3.350642276117805e+23 76
1757462418795 4.475639795858086e+24 77
1757462418833 1.597818059218203e+25 78
1757462418873 6.991370263659209e+25 79
1757462418920 1.9029980802135845e+25 80
1757462418962 6.713935210154386e+25 81
1757462419011 3.7507831989544146e+25 82
1757462419050 4.351232916311288e+25 83
1757462419085 1.0128227293550604e+27 84
1757462419128 1.0155819927307507e+27 85
1757462419176 7.628995834060141e+25 86
1757462419216 4.3374895098328917e+27 87
1757462419256 7.232189032006275e+26 88
1757462419307 2.6592464416943985e+28 89
1757462419350 1.924137006889629e+27 90
1757462419391 1.6514712115881203e+29 91
1757462419432 3.054463992158278e+30 92
1757462419480 3.6047029050679396e+29 93
1757462419551 3.7619115876879753e+30 94
1757462419602 4.891088726708573e+28 95
1757462419642 2.902896038083225e+30 96
1757462419692 1.7303973535056467e+30 97
1757462419743 8.950451811790269e+30 98
1757462419783 2.0657356344437335e+31 99
1757462419837 1.1925240519773583e+33 100
1757462419875 1.8848938189946582e+31 101
1757462419917 5.060176552469487e+32 102
1757462419952 1.8921019046819253e+32 103
1757462419988 7.85887296037957e+35 104
1757462420037 1.2085121270596634e+35 105
1757462420081 4.394668861499695e+34 106
1757462420130 4.774281189325069e+35 107
1757462420178 5.0875817063036056e+33 108
1757462420219 1.9465835360118142e+36 109
1757462420261 3.133694614329336e+35 110
1757462420303 4.8699078929322545e+33 111
1757462420347 1.3596564069865043e+36 112
1757462420377 5.877838317504246e+35 113
1757462420408 1.4568466863637775e+37 114
1757462420440 9.224478214517325e+35 115
1757462420479 5.69290764890831e+37 116
1757462420519 4.278687405333071e+36 117
1757462420565 5.765039343731037e+38 118
1757462420623 3.1680277743872453e+38 119
1757462420671 2.551323592652744e+38 120
1757462420717 2.9746726947991235e+39 121
1757462420754 8.660785918894428e+40 122
1757462420802 1.2308428323528737e+40 123
1757462420842 8.948365771983484e+39 124
1757462420894 1.4666879199536122e+40 125
1757462420938 2.3498285578380195e+41 126
1757462420978 2.465857930160804e+42 127
1757462421021 5.253727255733311e+41 128
1757462421074 3.3552357304390687e+43 129
1757462421116 9.266636966070976e+43 130
1757462421163 4.325894549883553e+43 131
1757462421203 8.358743249594498e+42 132
1757462421255 3.9416631903090353e+43 133
1757462421321 2.1643108181328734e+44 134
1757462421378 1.2647906146365884e+44 135
1757462421421 4.212051253787535e+44 136
1757462421455 7.712929468209437e+44 137
1757462421499 8.076646817510562e+45 138
1757462421550 4.960774529519528e+46 139
1757462421592 3.8077721891852884e+46 140
1757462421633 2.914167808480849e+46 141
1757462421684 1.0183196363628598e+47 142
1757462421730 2.6420959902007874e+47 143
1757462421797 3.4161352221402715e+47 144
1757462421984 2.0367317912491146e+48 145
1757462422057 1.408795353761856e+47 146
1757462422197 7.263917552777864e+46 147
1757462422247 1.4712800562444882e+50 148
1757462422289 3.046530874713559e+49 149
1757462422327 1.6616745549517851e+50 150
1757462422366 2.6145427873955255e+49 151
1757462422405 8.033123261131155e+51 152
1757462422449 2.048484543256609e+50 153
1757462422506 1.383708339803713e+51 154
1757462422551 2.162304626355964e+50 155
1757462422589 3.4069615789317726e+51 156
1757462422648 5.0456329347432444e+50 157
1757462422683 4.901803777686467e+52 158
1757462422733 7.829098602541077e+53 159
1757462422773 1.906229961323694e+52 160
1757462422818 7.763406958154279e+55 161
1757462422864 6.446129230567365e+53 162
1757462422917 3.36586743325765e+53 163
1757462422964 4.2788387140366464e+55 164
1757462423007 2.9415961638158178e+54 165
1757462423062 4.543424889414667e+55 166
1757462423116 6.804215430672986e+54 167
1757462423157 1.9133581919036945e+54 168
1757462423202 1.9991240166847644e+56 169
1757462423241 5.95537138425154e+56 170
1757462423288 2.6636338157642237e+56 171
1757462423330 5.862970109605048e+56 172
1757462423383 7.377911100138813e+56 173
1757462423429 2.033679865964597e+57 174
1757462423487 6.096515867782038e+58 175
1757462423530 2.533788442827825e+58 176
1757462423575 3.186249461829502e+57 177
1757462423618 1.3504914329358541e+59 178
1757462423656 2.9575200987624513e+59 179
1757462423707 5.782998764063497e+59 180
1757462423771 1.4335096067287969e+60 181
1757462423819 1.5099447007163725e+60 182
1757462423870 2.254678662929028e+61 183
1757462423921 1.1705664007443356e+62 184
1757462423972 7.738898302413621e+59 185
1757462424022 5.370464090137625e+62 186
1757462424083 1.029623129144728e+62 187
1757462424128 2.7007561687772683e+63 188
1757462424188 6.5040464316210325e+62 189
1757462424239 7.684745630405667e+63 190
1757462424290 3.608041756227028e+64 191
1757462424346 5.239488211629021e+63 192
1757462424387 2.8968670120496115e+64 193
1757462424424 3.983028654585586e+57 194
1757462424475 3.569590538364914e+65 195
1757462424517 1.33003030987313e+66 196
1757462424559 1.8778610782878532e+65 197
1757462424620 6.357180094263959e+65 198
1757462424657 3.925442274309319e+68 199
1757462424700 2.8823698737640834e+66 200
1757462424743 9.064029880817364e+66 201
1757462424789 1.2212725324545934e+68 202
1757462424854 4.120656640855722e+67 203
1757462424900 9.008298706826716e+68 204
1757462424938 4.831526497317719e+68 205
1757462424977 1.6700484958870356e+69 206
1757462425024 1.289175262500191e+68 207
1757462425069 7.318798764118361e+68 208
1757462425109 3.757048514619523e+70 209
1757462425149 1.5441356527913686e+70 210
1757462425208 4.750565019760279e+72 211
1757462425249 1.0813417593575316e+71 212
1757462425288 1.1787939702556963e+70 213
1757462425327 5.20768971487381e+72 214
1757462425380 1.0155136278786149e+72 215
1757462425426 2.1385637260935846e+72 216
1757462425470 4.742042387936012e+72 217
1757462425511 1.6354862948026046e+72 218
1757462425559 8.469952112157291e+69 219
1757462425610 1.8136838713496868e+74 220
1757462425642 1.9197489213091162e+74 221
1757462425678 1.452458986811469e+74 222
1757462425712 8.783958658029273e+75 223
1757462425752 1.1068757321762697e+75 224
1757462425796 2.3971339307203195e+75 225
1757462425841 2.7504416806112554e+77 226
1757462425877 3.435665599484994e+75 227
1757462425911 3.3184183679428656e+77 228
1757462425951 2.2014037002451614e+78 229
1757462425987 7.285637100834691e+76 230
1757462426022 9.662685143943243e+76 231
1757462426075 6.1044553758368216e+78 232
1757462426109 3.036673810873857e+77 233
1757462426165 2.429369128144769e+78 234
1757462426211 1.0643143549560592e+77 235
1757462426251 7.811694455664942e+78 236
1757462426300 7.509592098300628e+79 237
1757462426350 3.821082239426365e+81 238
1757462426392 5.016672256273143e+80 239
1757462426426 5.32057949272598e+81 240
1757462426472 8.951615996943741e+81 241
1757462426521 7.404728464083304e+80 242
1757462426575 5.531396629272102e+81 243
1757462426640 1.6932206296139752e+83 244
1757462426683 2.547913159493499e+84 245
1757462426726 4.321134886731668e+81 246
1757462426803 1.946460338166319e+84 247
1757462426843 3.5647686990215653e+84 248
1757462426894 2.449263383297556e+83 249
1757462426934 1.977461657739828e+83 250
1757462426988 3.6788344444178394e+86 251
1757462427028 3.475116474276972e+84 252
1757462427062 5.425815263784005e+84 253
1757462427110 1.3473754140609584e+86 254
1757462427164 3.0834612022424824e+86 255
1757462427204 4.232432833816409e+87 256
1757462427249 5.119424426438713e+85 257
1757462427295 8.083406527276144e+86 258
1757462427339 2.579724601372401e+87 259
1757462427391 3.6781196284443735e+88 260
1757462427465 6.379766998411625e+87 261
1757462427509 3.5967938145655644e+88 262
1757462427569 8.295645631146767e+87 263
1757462427617 1.358744769198833e+87 264
1757462427670 1.0257614512308953e+89 265
1757462427715 3.5423572708224872e+90 266
1757462427770 1.706350080745501e+90 267
1757462427817 3.3299706602511227e+89 268
1757462427865 2.0984257572610677e+90 269
1757462427911 5.4535809413029355e+90 270
1757462427954 2.378385756256735e+90 271
1757462428008 9.553109788247511e+92 272
1757462428061 9.897634826768134e+91 273
1757462428112 6.241574283905509e+92 274
1757462428146 1.0599375951607153e+92 275
1757462428196 2.563307845186661e+93 276
1757462428233 4.478892210569242e+93 277
1757462428285 1.0713223754739219e+94 278
1757462428330 1.785392204980602e+94 279
1757462428366 1.3922952448802746e+95 280
1757462428404 1.3698122386346525e+96 281
1757462428452 7.306241553785252e+92 282
1757462428499 5.397406714977362e+94 283
1757462428536 1.4869877186074508e+95 284
1757462428591 9.25799071052518e+96 285
1757462428632 6.436463644735021e+96 286
1757462428678 3.230696142907667e+94 287
1757462428727 5.3595841247042834e+98 288
1757462428776 2.8613201856684817e+98 289
1757462428816 5.1754527118966886e+97 290
1757462428866 7.116810144515305e+98 291
1757462428908 5.91033562054684e+98 292
1757462428957 6.952177739404927e+98 293
1757462429003 2.6403070133708654e+98 294
1757462429056 2.581205893286957e+98 295
1757462429110 8.405556809013532e+100 296
1757462429163 1.4021834946583274e+101 297
1757462429215 5.230264803739762e+99 298
1757462429256 1.650602644151955e+103 299
1757462429317 2.212084671223555e+100 300
1757462429374 9.252133850885118e+100 301
1757462429431 1.5006424151771422e+101 302
1757462429473 9.293106247594385e+103 303
1757462429526 9.154731379191192e+103 304
1757462429581 7.175007420862864e+102 305
1757462429627 3.661137000098626e+103 306
1757462429726 1.0226183635449431e+105 307
1757462429771 2.449387566281271e+102 308
1757462429825 1.2058328871914452e+104 309
1757462429884 1.1916230761743527e+104 310
1757462429931 8.15963600159548e+104 311
1757462430002 2.999792727777464e+101 312
1757462430044 3.0055363799466526e+105 313
1757462430093 1.646194554726946e+106 314
1757462430143 6.935414911783472e+106 315
1757462430186 4.190611963493718e+107 316
1757462430239 1.3233505113289712e+107 317
1757462430296 1.4568866901433787e+108 318
1757462430341 5.256696472731842e+107 319
1757462430390 1.4175042040453695e+107 320
1757462430432 1.3127391041278274e+109 321
1757462430480 1.4496799213316626e+109 322
1757462430535 3.499811264980487e+109 323
1757462430584 4.2224206204529233e+110 324
1757462430639 1.5882916602509805e+111 325
1757462430685 1.6545099559709547e+111 326
1757462430742 3.624918586489304e+111 327
1757462430786 1.993340510560625e+111 328
1757462430852 1.6599401596521367e+111 329
1757462430906 1.6494554200164881e+112 330
1757462430950 1.8313672930570898e+112 331
1757462430998 1.2295167111004812e+113 332
1757462431052 1.4832885061329558e+112 333
1757462431105 4.8538490464830026e+114 334
1757462431155 3.2778426237159575e+113 335
1757462431209 4.58795417208834e+113 336
1757462431253 8.585739000915609e+114 337
1757462431294 3.3110042738791115e+114 338
1757462431344 1.998448034141951e+115 339
1757462431404 2.267432235957859e+116 340
1757462431444 4.410445425723271e+110 341
1757462431495 9.030204069749359e+115 342
1757462431538 2.6461743763734174e+116 343
1757462431621 6.585617609256563e+115 344
1757462431672 1.72492688167832e+117 345
1757462431730 2.0776696624936464e+117 346
1757462431776 6.040676604719052e+117 347
1757462431828 6.545339869246982e+118 348
1757462431871 1.9310070710727596e+118 349
1757462431921 1.1593387873160654e+119 350
1757462431968 2.076999013823462e+120 351
1757462432043 7.809880580941923e+119 352
1757462432099 1.695961054610095e+120 353
1757462432148 3.361061283642323e+120 354
1757462432196 2.581577117715302e+120 355
1757462432243 2.9248110155645854e+121 356
1757462432284 5.7170286128284335e+119 357
1757462432339 5.689756702922851e+119 358
1757462432384 2.876714037989608e+122 359
1757462432425 1.4262287549783304e+121 360
1757462432465 2.163568269431544e+124 361
1757462432518 5.251130549957658e+122 362
1757462432568 1.3222457860940526e+122 363
1757462432615 2.5614770226121522e+124 364
1757462432661 1.8767645070441786e+125 365
1757462432718 5.315922109617128e+121 366
1757462432758 1.0990445402827757e+125 367
1757462432794 2.011612778572988e+125 368
1757462432830 3.3189068324439354e+125 369
1757462432875 8.716522643964131e+125 370
1757462432912 1.0140204954548459e+126 371
1757462432956 7.835138646393192e+125 372
1757462432998 1.1023536617932125e+128 373
1757462433042 3.1862219867930564e+126 374
1757462433089 9.139628412355791e+127 375
1757462433177 4.870716139843674e+127 376
1757462433260 8.290636272671565e+127 377
1757462433337 2.3743200244784384e+127 378
1757462433390 9.696860598506948e+129 379
1757462433449 5.3270101447315443e+129 380
1757462433490 4.0472434245228837e+129 381
1757462433538 1.4460487377592286e+131 382
1757462433604 1.284733527880277e+130 383
1757462433651 1.0066252742406807e+132 384
1757462433704 1.4430691767898398e+131 385
1757462433767 1.2338436602658862e+131 386
1757462433818 4.394070905299319e+132 387
1757462433873 1.65651882658562e+131 388
1757462433925 7.39627316937034e+132 389
1757462433972 1.8085422295397626e+134 390
1757462434014 3.032889841843416e+132 391
1757462434068 2.084790502551083e+133 392
1757462434113 6.719928092886961e+133 393
1757462434166 6.997689478124676e+133 394
1757462434211 2.8987578468018027e+135 395
1757462434259 8.755098874393923e+134 396
1757462434296 2.5350276510956787e+135 397
1757462434334 4.300779282834492e+135 398
1757462434394 1.1657688182124508e+137 399
1757462434440 1.2993415820608922e+136 400
1757462434489 9.760193236647528e+136 401
1757462434562 4.4562679781751877e+135 402
1757462434615 4.1395677011088846e+136 403
1757462434676 5.410094025712505e+138 404
1757462434742 2.880927202778668e+138 405
1757462434798 1.0352922944894507e+138 406
1757462434860 1.402331636959823e+139 407
1757462434912 1.5258244444956802e+139 408
1757462434970 1.616685127729144e+139 409
1757462435025 9.366163435939646e+139 410
1757462435084 2.8326997028848688e+140 411
1757462435133 6.034370809563331e+140 412
1757462435183 3.440478251669956e+141 413
1757462435231 1.8491639016041134e+141 414
1757462435290 3.0594086476268732e+140 415
1757462435335 1.596132928670656e+143 416
1757462435386 3.8095401471774564e+142 417
1757462435435 3.7561240100391195e+142 418
1757462435481 1.132252562870366e+144 419
1757462435542 1.8914722459323716e+143 420
1757462435593 7.133861644294545e+143 421
1757462435665 1.0524308180682759e+145 422
1757462435716 2.6701652227643182e+146 423
1757462435771 6.032299599509028e+145 424
1757462435827 9.465594816211411e+144 425
1757462435873 1.407958516070666e+146 426
1757462435958 7.620514616976634e+145 427
1757462436019 1.1930916416020324e+146 428
1757462436081 6.540289325201722e+146 429
1757462436140 5.392636769440347e+147 430
1757462436201 7.142383173889582e+147 431
1757462436260 9.624698154857517e+146 432
1757462436314 1.7810551578881864e+148 433
1757462436377 2.9797469407407343e+147 434
1757462436419 5.773745143072257e+149 435
1757462436466 5.442242846530669e+147 436
1757462436523 5.392450915308306e+149 437
1757462436577 3.5173487525434573e+149 438
1757462436633 1.1135847015197075e+150 439
1757462436682 2.021905518490037e+150 440
1757462436733 1.7628358653104944e+151 441
1757462436791 5.900886923287703e+150 442
1757462436835 2.0434170783696204e+150 443
1757462436887 1.9647071316702593e+152 444
1757462436933 3.390595307770619e+151 445
1757462436991 1.997636611774482e+152 446
1757462437035 1.035922647055235e+153 447
1757462437099 4.2251505791130665e+151 448
1757462437150 2.4933513847093825e+153 449
1757462437213 9.146000568693652e+150 450
1757462437293 8.857621296505969e+153 451
1757462437336 2.667879493690828e+155 452
1757462437390 1.9605939243588845e+154 453
1757462437439 3.1323707939147404e+154 454
1757462437505 5.080795881199799e+156 455
1757462437557 1.0311244064845194e+156 456
1757462437610 1.3523582759071464e+157 457
1757462437655 2.990702778807984e+156 458
1757462437729 1.2946438644510825e+158 459
1757462437781 1.8456115627737958e+156 460
1757462437833 5.052641132011041e+155 461
1757462437915 4.449079526867639e+158 462
1757462437982 1.7553616268121562e+158 463
1757462438034 1.401541757996616e+159 464
1757462438079 1.1616103651569406e+158 465
1757462438123 1.0363659313639176e+161 466
1757462438179 5.698149405358286e+160 467
1757462438242 5.7087858039426e+159 468
1757462438302 6.383110315486341e+159 469
1757462438347 8.95761266594926e+160 470
1757462438396 1.3427521609482945e+160 471
1757462438456 2.670303170983262e+161 472
1757462438511 8.423518014307686e+162 473
1757462438568 1.0925524027429652e+163 474
1757462438617 1.6603968806735895e+162 475
1757462438677 1.360948985105619e+163 476
1757462438728 3.122765485888101e+163 477
1757462438777 1.099461892811801e+163 478
1757462438840 1.4137287945176168e+164 479
1757462438902 1.1343505697799154e+164 480
1757462438953 9.016555438787185e+164 481
1757462439011 1.981953734843551e+165 482
1757462439062 1.796074614297306e+166 483
1757462439112 7.394487286141654e+165 484
1757462439166 9.642182324088018e+165 485
1757462439227 2.3796109956273304e+167 486
1757462439283 6.307590682827966e+166 487
1757462439327 3.582381389061483e+167 488
1757462439392 7.180398411591266e+167 489
1757462439452 4.82354645990689e+166 490
1757462439499 1.2707375007854429e+168 491
1757462439552 8.438534982591695e+167 492
1757462439591 3.534860397331339e+168 493
1757462439656 1.0541593320822183e+169 494
1757462439707 2.4530235921813754e+169 495
1757462439759 9.342209797971052e+167 496
1757462439805 4.806716245344947e+170 497
1757462439850 1.1212452553064287e+170 498
1757462439894 3.538349356855512e+172 499
