1757462942547 170.24741370057052 0
1757462942558 170.2373450165148 1
1757462942566 170.2183290814558 2
1757462942573 170.19146789995335 3
1757462942584 170.15782573506058 4
1757462942602 170.1184155532055 5
1757462942613 170.0741894171277 6
1757462942623 170.02603212849235 7
1757462942636 169.97475752010135 8
1757462942651 169.92110688413118 9
1757462942670 169.86574909877194 10
1757462942682 169.80928208215968 11
1757462942692 169.75223526058912 12
1757462942713 169.69507278859214 13
1757462942741 169.63819730239825 14
1757462942753 169.58195402631023 15
1757462942790 169.5266350843048 16
1757462942816 169.4724838973213 17
1757462942830 169.41969957077325 18
1757462942842 169.36844119730767 19
1757462942866 169.318832017182 20
1757462942875 169.27096339322864 21
1757462942890 169.22489856958157 22
1757462942898 169.18067619346573 23
1757462942913 169.13831358767663 24
1757462942925 169.09780976815279 25
1757462942935 169.05914820648746 26
1757462942948 169.02229934153235 27
1757462942964 168.98722284758378 28
