1757462603929 1170899396.5472806 0
1757462603980 2.0605994688880425e+21 1
1757462604028 8.057287800136702e+28 2
1757462604069 2.6812668065932895e+40 3
1757462604110 1.3292938188067364e+51 4
1757462604155 3.7316872390454317e+59 5
1757462604200 3.720754059393904e+71 6
1757462604253 2.0930342098096353e+83 7
1757462604298 1.1994465241185472e+94 8
1757462604342 4.632121120299541e+102 9
1757462604400 2.237976539598443e+115 10
1757462604448 1.1902151707309491e+124 11
1757462604491 4.047466777978288e+135 12
1757462604555 7.683442599228532e+145 13
1757462604635 3.498156999399676e+156 14
1757462604682 5.814563415826229e+164 15
1757462604739 1.723565962416516e+175 16
1757462604779 4.655533840429786e+186 17
1757462604838 1.398109766981431e+194 18
1757462604896 4.860743087258325e+205 19
1757462604952 4.755649659426884e+217 20
1757462605012 2.5164291008435927e+227 21
1757462605059 1.9273896952959152e+238 22
1757462605130 7.797082148605084e+251 23
1757462605181 3.3699389995547775e+259 24
1757462605224 1.9894037426403188e+273 25
1757462605274 7.516144288746341e+281 26
1757462605329 8.771760901652082e+292 27
1757462605381 7.4528641192794525e+304 28
1757462605432 inf 29
