1757462484281 179.0673390429399 0
1757462484315 176.1503485643106 1
1757462484365 174.64968567644823 2
1757462484400 170.37788958982424 3
1757462484436 183.8140119359349 4
1757462484537 160.65780560172152 5
1757462484580 163.38863386173279 6
1757462484615 164.80915226975415 7
1757462484648 191.79423683775798 8
1757462484686 145.85901199903603 9
1757462484751 180.19412123431735 10
1757462484804 176.33059360462528 11
1757462484859 164.59960858923304 12
1757462484908 149.35285738376493 13
1757462484964 166.8708741014907 14
1757462484998 155.7824008304396 15
1757462485041 181.46102627683794 16
1757462485086 196.85896532658774 17
1757462485126 137.1239052458644 18
1757462485166 173.25263134855112 19
1757462485214 146.17089676729725 20
1757462485258 175.79038950868224 21
1757462485302 193.26365641854062 22
1757462485337 158.20489608131018 23
1757462485368 170.7962557695003 24
1757462485397 168.36161189920824 25
1757462485432 162.93700768017146 26
1757462485467 158.77514351420308 27
1757462485505 158.43771018139557 28
1757462485545 176.06976129605377 29
1757462485584 168.89277910846602 30
1757462485631 163.2005368303512 31
1757462485670 175.14872358505912 32
1757462485702 146.90672547205386 33
1757462485740 167.0979370433221 34
1757462485782 133.92295139525777 35
1757462485818 173.05468432560366 36
1757462485872 161.46844685157527 37
1757462485915 137.8639683353144 38
1757462485961 165.65079606307737 39
1757462486003 173.94271812997778 40
1757462486040 157.95547547918346 41
1757462486086 177.37045206094467 42
1757462486121 197.43773572599557 43
1757462486164 142.86315675875161 44
1757462486204 209.02458648193388 45
1757462486258 151.0756238820712 46
1757462486316 161.18253710331643 47
1757462486358 147.13046229583279 48
1757462486402 126.70333501987552 49
1757462486449 175.0718704240776 50
1757462486487 166.7463461667936 51
1757462486528 165.46624658353448 52
1757462486572 159.4088081558118 53
1757462486615 134.7173330117984 54
1757462486657 174.3407066476926 55
1757462486706 167.40455261558097 56
1757462486753 142.716203496086 57
1757462486796 155.1951119326787 58
1757462486833 178.86901094396143 59
1757462486880 193.86579121796308 60
1757462486919 201.16353331747342 61
1757462486959 160.07116725348143 62
1757462486996 162.30520156275497 63
1757462487038 183.160463489561 64
1757462487081 188.593734895546 65
1757462487126 153.00581014485164 66
1757462487168 178.17354921100002 67
1757462487211 191.19222316427815 68
1757462487255 168.35625556476967 69
1757462487302 173.48179555214864 70
1757462487342 139.30615169503582 71
1757462487375 150.93033691038656 72
1757462487407 148.16511400538403 73
1757462487443 156.77566608528642 74
1757462487482 166.42181886998796 75
1757462487528 150.8212273143684 76
1757462487574 153.4821322265907 77
1757462487611 149.08158494357565 78
1757462487653 150.5324087467039 79
1757462487704 194.78740083479386 80
1757462487749 150.13257267421986 81
1757462487796 160.9099673596457 82
1757462487832 133.87711526261677 83
1757462487882 162.97732752845775 84
1757462487949 136.18701747071168 85
1757462487980 180.49350650090963 86
1757462488018 162.93752493384642 87
1757462488066 140.9601105564699 88
1757462488102 168.90344624380933 89
1757462488149 153.42793874317866 90
1757462488180 160.5637469164286 91
1757462488220 174.8225102904507 92
1757462488269 148.83150187945319 93
1757462488309 138.96700822682536 94
1757462488362 115.36488568088616 95
1757462488397 174.00466177818166 96
1757462488439 161.022922637885 97
1757462488490 181.84823124469546 98
1757462488528 161.57165988446258 99
1757462488571 150.7651376234102 100
1757462488606 163.0349916404414 101
1757462488641 153.61871524233626 102
1757462488684 163.75599529077954 103
1757462488745 163.09109930963587 104
1757462488798 134.55048736637664 105
1757462488843 156.03233139187958 106
1757462488881 156.4500299026977 107
1757462488924 153.62971680034101 108
1757462488966 151.19395373166367 109
1757462489015 149.05984869485482 110
1757462489063 161.0151405505134 111
1757462489101 158.9838658831516 112
1757462489158 131.25954857583324 113
1757462489192 153.97532690680447 114
1757462489231 160.58964767641243 115
1757462489270 150.58812839730336 116
1757462489314 172.51047298815482 117
1757462489357 159.33468432021434 118
1757462489402 161.04023400654685 119
1757462489462 139.02729356680518 120
1757462489511 141.16456432960848 121
1757462489548 148.55181741278804 122
1757462489591 167.27793612557977 123
1757462489633 141.97936620214827 124
1757462489678 172.08912313813937 125
1757462489717 137.1316552629098 126
1757462489787 184.92475828322515 127
1757462489833 162.80578282113285 128
1757462489879 143.76075533321446 129
1757462489935 145.62920081065647 130
1757462489973 125.29969862230786 131
1757462490022 161.06123994949155 132
1757462490068 164.39745436794806 133
1757462490141 183.69565728434551 134
1757462490182 162.1639357168115 135
1757462490224 157.45764210903508 136
1757462490266 145.39182327694024 137
1757462490320 111.79177086884206 138
1757462490366 177.2053009193257 139
1757462490415 148.97631710625447 140
1757462490458 139.02165704341687 141
1757462490507 183.7845025672747 142
1757462490549 170.46486364847968 143
1757462490590 161.44651507846459 144
1757462490627 163.38756602446605 145
1757462490660 164.23386378533723 146
1757462490692 151.2469525405366 147
1757462490732 150.1065377562309 148
1757462490771 177.62721094265225 149
1757462490817 138.68300653981203 150
1757462490867 153.51172219063932 151
1757462490909 173.16073772362068 152
1757462490949 150.58700875998392 153
1757462490991 136.33469103436497 154
1757462491035 158.41443631222577 155
1757462491080 163.19752700007712 156
1757462491124 174.13941084795223 157
1757462491168 138.09065566671836 158
1757462491219 180.81352592816165 159
1757462491276 146.67848415378396 160
1757462491318 150.88414867913096 161
1757462491366 174.29811224605757 162
1757462491408 167.6121180265561 163
1757462491448 152.05659805070795 164
1757462491509 164.80047760708723 165
1757462491563 149.6521228573667 166
1757462491611 134.64475319004413 167
1757462491671 185.5243914054224 168
1757462491715 155.98080780131073 169
1757462491758 155.2678299919441 170
1757462491802 133.52371184732328 171
1757462491849 154.23647755815497 172
1757462491902 174.18395567185019 173
1757462491951 149.61051192120829 174
1757462492013 165.04235438992458 175
1757462492062 175.79394592779158 176
1757462492116 147.12104505966863 177
1757462492156 153.55659821181843 178
1757462492195 128.4251278500239 179
1757462492237 142.87408525055997 180
1757462492285 144.09874210976093 181
1757462492331 149.15061204108653 182
1757462492379 134.45233216906703 183
1757462492428 164.37036671741384 184
1757462492468 172.54190996894206 185
1757462492523 160.09048313688038 186
1757462492574 164.90399480195123 187
1757462492622 182.03158731974352 188
1757462492667 177.96213541251578 189
1757462492718 142.72991970185458 190
1757462492756 142.84414925921968 191
1757462492791 118.33729658532128 192
1757462492827 164.33920656298943 193
1757462492876 159.13664261276244 194
1757462492919 148.10757257148717 195
1757462492963 146.25451920042715 196
1757462493018 151.30069970884176 197
1757462493061 131.3238573377199 198
1757462493107 162.8836938429239 199
1757462493162 155.51499977394263 200
1757462493200 133.46399220178247 201
1757462493258 145.02825216652758 202
1757462493327 162.82985635051395 203
1757462493371 182.98752259784567 204
1757462493418 162.96162822347333 205
1757462493469 173.33361358829876 206
1757462493517 157.92938988197776 207
1757462493557 138.18118356517988 208
1757462493600 160.7846640716526 209
1757462493649 147.3718393977279 210
1757462493688 163.81674925833764 211
1757462493730 159.29833243036373 212
1757462493769 174.2035691285038 213
1757462493817 157.8742928152225 214
1757462493886 152.44360951871087 215
1757462493940 148.54890435456022 216
1757462493997 191.21992120869703 217
1757462494047 102.84714881453658 218
1757462494123 96.39222669610011 219
1757462494168 176.3433036193066 220
1757462494207 146.24803950370537 221
1757462494261 163.3078706364974 222
1757462494309 129.21848826630034 223
1757462494352 162.72358694309864 224
1757462494407 146.63005984406226 225
1757462494459 166.91180829168843 226
1757462494510 132.42501639488387 227
1757462494554 160.6544343182402 228
1757462494597 108.5995089892884 229
1757462494645 147.48291076384612 230
1757462494693 152.63589138952398 231
1757462494737 139.7929438863677 232
1757462494792 131.97659006445582 233
1757462494851 160.94675824441612 234
1757462494908 150.74754404005836 235
1757462494947 151.09822415367427 236
1757462495000 163.00896297685745 237
1757462495038 162.24876299331552 238
1757462495080 153.72496292444666 239
1757462495126 130.1652122265243 240
1757462495199 167.39904740054544 241
1757462495254 210.0284915862973 242
1757462495315 161.18535420025628 243
1757462495355 159.43424393995642 244
1757462495417 155.61414811172043 245
1757462495456 169.98570915789048 246
1757462495511 155.48683397608494 247
1757462495558 172.8534753120423 248
1757462495600 140.40239193337652 249
1757462495638 201.41071803088886 250
1757462495681 156.06039527940428 251
1757462495731 127.38528683422099 252
1757462495775 149.08197374971235 253
1757462495819 151.03551731120322 254
1757462495871 155.97156536148583 255
1757462495926 158.5589398884429 256
1757462495974 161.4170966030865 257
1757462496022 155.75232105193894 258
1757462496064 168.0645760861548 259
1757462496116 162.8700953283196 260
1757462496174 151.2134311576064 261
1757462496223 115.44768074667873 262
1757462496267 173.05624859993608 263
1757462496312 127.6534865072693 264
1757462496374 153.64291315328788 265
1757462496441 179.5787551139988 266
1757462496483 149.01560853872576 267
1757462496542 178.0872478103224 268
1757462496590 179.5192486482226 269
1757462496636 154.0896572836794 270
1757462496679 182.40687933816278 271
1757462496725 149.752605771285 272
1757462496773 134.7991019175429 273
1757462496818 165.78240853549616 274
1757462496860 181.52186915646172 275
1757462496911 168.85391471720465 276
1757462496954 152.2682126359368 277
1757462497006 160.32879251558924 278
1757462497051 138.1328306258235 279
1757462497102 207.7004520002327 280
1757462497148 129.04444009436543 281
1757462497194 168.33765209396114 282
1757462497245 142.83157153245884 283
1757462497298 135.47114518119852 284
1757462497350 128.37364283656882 285
1757462497401 176.562749947334 286
1757462497458 144.54141333312396 287
1757462497506 152.44987531484423 288
1757462497558 177.6160641976236 289
1757462497614 160.80367538929548 290
1757462497658 162.22394153327565 291
1757462497712 144.060217937842 292
1757462497765 122.5118850132132 293
1757462497816 154.17706964027778 294
1757462497861 161.90361249442435 295
1757462497916 149.6687842835317 296
1757462497971 131.1021389418777 297
1757462498019 178.15820135762388 298
1757462498066 170.3449466292394 299
1757462498109 152.87070166446543 300
1757462498177 173.7430258050488 301
1757462498221 165.95274464578003 302
1757462498270 129.84674902802755 303
1757462498329 170.34974859997163 304
1757462498392 145.3401608591593 305
1757462498444 132.21674752414262 306
1757462498506 145.82698269061774 307
1757462498555 111.64349284720105 308
1757462498623 139.76322867399273 309
1757462498682 152.68128497794277 310
1757462498737 134.06389020713584 311
1757462498790 153.96219503411584 312
1757462498831 153.30717611856946 313
1757462498883 129.29805452489387 314
1757462498929 166.990390182781 315
1757462498969 103.79960266527692 316
1757462499026 159.24478596091345 317
1757462499078 152.54892695599858 318
1757462499148 119.90791073929294 319
1757462499206 153.0880233873394 320
1757462499264 167.590017970012 321
1757462499307 146.87354024027715 322
1757462499353 164.75885514817503 323
1757462499401 142.9310536110126 324
1757462499463 152.4383746335601 325
1757462499519 174.4074133015445 326
1757462499569 142.5907562012981 327
1757462499611 157.10906132965863 328
1757462499647 157.7152888852557 329
1757462499688 172.27149939941813 330
1757462499737 166.08307849638052 331
1757462499796 133.25847255818218 332
1757462499856 121.53290241488997 333
1757462499891 182.55806548188812 334
1757462499927 136.11147697199021 335
1757462499963 148.21006807180268 336
1757462500006 157.82916141370163 337
1757462500051 142.1114320587207 338
1757462500112 122.91088871291227 339
1757462500158 123.79029424831161 340
1757462500205 148.0260710726749 341
1757462500243 120.51426647211956 342
1757462500279 174.3401228620939 343
1757462500316 146.73980372938348 344
1757462500357 130.6802641929138 345
1757462500411 164.23213314507683 346
1757462500456 168.59061554927308 347
1757462500500 175.65898832480516 348
1757462500551 120.71592941346162 349
1757462500587 157.93611682493696 350
1757462500633 155.12961728520094 351
1757462500682 144.19123072296642 352
1757462500745 178.79932776843071 353
1757462500788 143.79937127451382 354
1757462500827 165.2790279996058 355
1757462500882 141.73089143685604 356
1757462500932 160.75360960097714 357
1757462500978 153.49044452686425 358
1757462501025 152.26842257076797 359
1757462501070 153.79064501958243 360
1757462501130 170.20204796453692 361
1757462501173 132.18993956799653 362
1757462501231 146.39091623291978 363
1757462501271 146.2508946449355 364
1757462501317 128.6739197596206 365
1757462501372 149.71013438530628 366
1757462501420 166.55592356165803 367
1757462501464 156.2931380323218 368
1757462501517 152.7681458163668 369
1757462501564 132.524372603396 370
1757462501619 114.88282802393401 371
1757462501675 164.5579090486239 372
1757462501728 156.51451829508278 373
1757462501762 129.9111588496264 374
1757462501807 179.31116262982363 375
1757462501849 151.00109481326885 376
1757462501911 161.46905469267116 377
1757462501959 149.348649653557 378
1757462502019 166.42660442904793 379
1757462502072 141.76237770647282 380
1757462502129 139.87438659284234 381
1757462502174 133.31865898472503 382
1757462502224 155.41023708467776 383
1757462502298 148.44984446066846 384
1757462502351 141.61051014923297 385
1757462502401 152.3734335382932 386
1757462502454 148.6630474582337 387
1757462502503 168.85032003080133 388
1757462502568 147.00200398090527 389
1757462502612 108.63236245516971 390
1757462502665 128.7573174871022 391
1757462502713 129.46199879749923 392
1757462502767 118.64450483878626 393
1757462502818 148.65977635670512 394
1757462502867 158.2745537833516 395
1757462502915 115.81007878645468 396
1757462502962 135.98337144513465 397
1757462503006 136.42532264398048 398
1757462503041 144.3626167535932 399
1757462503087 150.6417866739155 400
1757462503132 157.11795080990072 401
1757462503185 154.39731243135347 402
1757462503235 154.6923237000287 403
1757462503296 157.48860660566336 404
1757462503345 152.9937222329462 405
1757462503400 159.32243925819583 406
1757462503452 148.15145167435597 407
1757462503503 156.37798765587712 408
1757462503559 126.45719118473207 409
1757462503622 163.51129763594935 410
1757462503673 166.45769356208075 411
1757462503712 143.0990814818503 412
1757462503766 136.13159482855667 413
1757462503809 165.93606549166157 414
1757462503864 181.11616312336903 415
1757462503917 153.64772705431744 416
1757462503965 170.1492945349061 417
1757462504022 137.61291955703044 418
1757462504068 140.4966826328662 419
1757462504119 152.65649442982902 420
1757462504167 141.14269750578242 421
1757462504217 153.7730889200583 422
1757462504270 141.76364548305548 423
1757462504316 150.4094007775949 424
1757462504369 196.0289030747779 425
1757462504429 139.90967436405538 426
1757462504474 148.42272996746047 427
1757462504528 118.11682555760554 428
1757462504568 139.3174997791518 429
1757462504612 131.96314098297773 430
1757462504649 153.25463087380462 431
1757462504686 126.48474999156247 432
1757462504724 150.00039323544465 433
1757462504830 151.9415615930357 434
1757462504878 146.15528215336232 435
1757462504915 149.89439410798906 436
1757462504961 134.34732012552942 437
1757462505013 144.7185745010666 438
1757462505059 134.11679593674083 439
1757462505122 147.62883780078263 440
1757462505177 178.66698008975354 441
1757462505229 137.74874400929093 442
1757462505274 158.68429537376463 443
1757462505326 152.23586342554182 444
1757462505386 163.20512358021801 445
1757462505445 147.93616917348345 446
1757462505498 158.1513139061817 447
1757462505551 175.40022062756174 448
1757462505616 124.91747690073717 449
1757462505670 150.35407054214488 450
1757462505723 94.70043762012641 451
1757462505780 145.4927792361505 452
1757462505832 159.6090596203226 453
1757462505880 153.7182502002979 454
1757462505943 151.41531527638446 455
1757462505997 149.28450640743992 456
1757462506051 153.1959838969409 457
1757462506088 213.50662236464356 458
1757462506130 146.97437086884995 459
1757462506187 157.44925555644505 460
1757462506250 167.94426882639436 461
1757462506292 152.76008441474895 462
1757462506349 130.68903561716618 463
1757462506399 120.77404587695155 464
1757462506446 148.92061494861838 465
1757462506506 138.5584054587991 466
1757462506560 150.0438798625303 467
1757462506632 172.58099069010117 468
1757462506694 118.25934691621153 469
1757462506838 131.10452319351643 470
1757462506884 136.1157767411658 471
1757462506927 137.55548711077634 472
1757462506977 113.6209913789039 473
1757462507039 189.23552307204508 474
1757462507090 138.95512020850882 475
1757462507148 150.5610332963762 476
1757462507191 160.5341170058316 477
1757462507265 125.31620834222552 478
1757462507335 157.71410425915602 479
1757462507379 161.96275426434022 480
1757462507422 156.9238925027365 481
1757462507477 163.07916602544213 482
1757462507519 166.2057028843353 483
1757462507567 137.17905502074115 484
1757462507628 138.62744272598013 485
1757462507685 170.7827950017466 486
1757462507733 153.17305002995997 487
1757462507794 117.59199648563613 488
1757462507864 154.6033917841334 489
1757462507917 149.63844507192763 490
1757462507966 123.38867223779523 491
1757462508015 162.39053836288494 492
1757462508065 148.60592527819057 493
1757462508116 109.6010686399935 494
1757462508176 158.90428038984166 495
1757462508225 150.20243651248734 496
1757462508272 140.48014896133688 497
1757462508321 169.3005686613447 498
1757462508369 133.21520317880046 499
