1757462600961 168.8718160337447 0
1757462600968 168.8542329557084 1
1757462600980 168.83727728388834 2
1757462600990 168.82091923466103 3
1757462601019 168.8051306533527 4
1757462601087 168.78988491836697 5
1757462601116 168.77515685120537 6
1757462601137 168.7609226320066 7
1757462601153 168.74715972025584 8
1757462601173 168.73384678033815 9
1757462601194 168.72096361163028 10
1757462601210 168.7084910828452 11
1757462601223 168.69641107036315 12
1757462601242 168.68470640029784 13
1757462601257 168.67336079406527 14
1757462601276 168.66235881723554 15
1757462601301 168.65168583146271 16
1757462601321 168.641327949302 17
1757462601354 168.63127199173306 18
1757462601367 168.62150544822356 19
1757462601401 168.61201643917352 20
1757462601421 168.60279368059494 21
1757462601434 168.59382645088746 22
