1757462871405 167.3819403320795 0
1757462871418 171.0036406879026 1
1757462871426 165.49668181500613 2
1757462871441 171.87097224302448 3
1757462871448 170.39259397962294 4
1757462871460 166.48874458380797 5
1757462871471 170.25774037771623 6
1757462871482 170.3729895389127 7
1757462871490 169.19619131010168 8
1757462871503 170.582953235439 9
1757462871512 169.972325260015 10
1757462871520 169.92869640085428 11
1757462871535 167.28415073179085 12
1757462871551 166.9267466448228 13
1757462871563 169.42317538265132 14
1757462871578 168.54969266174945 15
1757462871601 169.35176050849844 16
1757462871621 168.750905920614 17
1757462871641 164.0702777510711 18
1757462871650 172.1607117836568 19
1757462871661 165.9165558342632 20
1757462871678 176.1647078961692 21
1757462871686 168.45792976247117 22
1757462871699 168.93727234141159 23
1757462871707 167.083188906229 24
1757462871726 170.60292917730993 25
1757462871734 166.50972101397406 26
1757462871749 165.64419588377547 27
1757462871760 169.63447141251118 28
1757462871779 168.24953765842764 29
1757462871790 170.75674596965192 30
1757462871804 167.71652992975078 31
1757462871830 172.9596295353026 32
1757462871848 179.94132154325445 33
1757462871858 171.02998391339526 34
1757462871872 166.5908031458568 35
1757462871880 168.62833054264843 36
1757462871903 169.65269091567114 37
1757462871911 174.78019119264823 38
1757462871929 165.28097672167496 39
1757462871937 168.95407950016968 40
1757462871964 167.1106134588846 41
1757462871972 170.45136283296478 42
1757462871992 166.58137071464958 43
1757462872004 161.80205149532577 44
1757462872013 161.54638028031644 45
1757462872021 165.37175253466614 46
1757462872035 173.34495836470103 47
1757462872056 167.97892687816656 48
1757462872064 166.36941507638102 49
1757462872072 164.0891270404005 50
1757462872081 171.45266603645166 51
1757462872096 166.83472842821834 52
1757462872113 161.82621032349212 53
1757462872126 167.79561952651125 54
1757462872134 167.7229537295174 55
1757462872143 168.39979147615745 56
1757462872157 170.2476450680769 57
1757462872168 164.17215649629424 58
1757462872177 171.7988715274402 59
1757462872193 168.45578615944672 60
1757462872206 179.39010206179574 61
1757462872217 166.96807956054613 62
1757462872225 170.0212548793919 63
1757462872239 167.25104197905995 64
1757462872247 163.25010173361636 65
1757462872256 167.15806838997992 66
1757462872275 178.63079942258344 67
1757462872292 167.51112313662327 68
1757462872300 169.0748133694579 69
1757462872310 164.43607423910282 70
1757462872322 165.1808326145152 71
1757462872336 164.17512987341337 72
1757462872355 163.0658577295472 73
1757462872366 165.77737569687415 74
1757462872378 166.16067338823842 75
1757462872393 168.71225358265883 76
1757462872414 167.02838168023712 77
1757462872428 162.76921605127376 78
1757462872443 164.3767000787587 79
1757462872451 168.48970730823885 80
1757462872460 169.55280935693915 81
1757462872482 163.93395303720473 82
1757462872492 168.4227018131588 83
1757462872509 168.30404497642206 84
1757462872534 183.9342826700368 85
1757462872545 172.61323611484156 86
1757462872554 161.51496098900088 87
1757462872569 166.8681346620291 88
1757462872584 167.6061424113146 89
1757462872599 165.7981881316133 90
1757462872617 163.1603292416271 91
1757462872630 166.5007592495632 92
1757462872664 161.01092971309492 93
1757462872673 168.12913412367382 94
1757462872682 167.9570620924474 95
1757462872693 162.6281207677602 96
1757462872702 166.41563907282278 97
1757462872712 164.3881400870585 98
1757462872734 166.37099405327223 99
1757462872755 165.86181308662393 100
1757462872764 169.4958487813212 101
1757462872774 165.771813893615 102
1757462872788 165.88675112175088 103
1757462872802 166.0520981078701 104
1757462872814 167.872127273442 105
1757462872824 169.74404547875554 106
1757462872834 166.7998576317519 107
1757462872849 167.58944508940246 108
1757462872861 170.09177681704222 109
1757462872871 168.42923074617974 110
1757462872887 161.16178351556863 111
1757462872897 164.265710970598 112
1757462872912 164.52297455183046 113
1757462872930 165.75703417872836 114
1757462872947 167.21883825158497 115
1757462872961 165.11422905624585 116
1757462872975 164.64165732249364 117
1757462872990 168.8419567941013 118
1757462873006 164.38957585023442 119
1757462873017 166.58179264281034 120
1757462873028 169.78724611255592 121
1757462873039 168.40800749987295 122
1757462873054 160.5437304607226 123
1757462873073 166.03911997513467 124
1757462873083 163.90014779552484 125
1757462873101 166.8492755444714 126
1757462873115 163.6732631355183 127
1757462873143 166.58786956344784 128
1757462873164 168.01694896071388 129
1757462873187 170.79724798601717 130
1757462873204 165.89749825459216 131
1757462873215 165.30286586614793 132
1757462873234 163.9391107027047 133
1757462873245 168.08569056077016 134
1757462873256 167.89178877400053 135
1757462873266 168.10959848340218 136
1757462873280 174.43706806968376 137
1757462873295 170.42177122078309 138
1757462873307 169.0852695969178 139
1757462873325 167.8056222895957 140
1757462873336 163.19187313059848 141
1757462873354 162.54174290230617 142
1757462873367 162.2784842318404 143
1757462873381 167.43077250216737 144
1757462873393 163.24994449221802 145
1757462873407 163.0891140948244 146
1757462873425 166.7206535939953 147
1757462873439 165.91494249632365 148
1757462873453 168.02044205978427 149
1757462873464 166.2622635518919 150
1757462873482 158.67616620494513 151
1757462873500 163.40036601384918 152
1757462873518 162.5071116760045 153
1757462873537 166.02118080327674 154
1757462873553 168.46475944464237 155
1757462873565 169.31147974122666 156
1757462873587 170.6935693234418 157
1757462873605 167.3877358846131 158
1757462873618 162.29728661277255 159
1757462873638 168.83180110279676 160
1757462873650 169.6084826493551 161
1757462873664 161.76348964141187 162
1757462873679 161.2916937854376 163
1757462873690 167.9956274393207 164
1757462873703 172.53787639059493 165
1757462873720 172.5538964920798 166
1757462873740 171.20902361102665 167
1757462873754 163.24664515876924 168
1757462873770 163.9770097952104 169
1757462873780 164.0835837366339 170
1757462873805 161.5486126127152 171
1757462873821 164.04809910219015 172
1757462873847 170.26621087962678 173
1757462873871 159.62668611513004 174
1757462873887 163.27382319542423 175
1757462873901 171.85573273589932 176
1757462873925 164.1228077716475 177
1757462873938 165.5192547148437 178
1757462873955 168.62078938790998 179
1757462873973 163.98538686067508 180
1757462873985 164.39233803448462 181
1757462873996 164.5235342527854 182
1757462874008 168.31707402528068 183
1757462874034 163.52243044126982 184
1757462874045 168.58961111303216 185
1757462874065 167.1134574039679 186
1757462874081 164.31774106121742 187
1757462874102 172.4123477279943 188
1757462874118 167.1428594426376 189
1757462874134 169.50151832519967 190
1757462874148 165.82205293650588 191
1757462874161 166.99807478108946 192
1757462874185 168.87282185933685 193
1757462874215 164.7788300154568 194
1757462874228 170.43824683727433 195
1757462874246 165.40680253390417 196
1757462874261 164.70729419772724 197
1757462874280 163.15061264318308 198
1757462874299 177.12734646164023 199
1757462874315 158.16866675456276 200
1757462874347 166.29718057828723 201
1757462874358 166.2608100091036 202
1757462874377 166.46731861008075 203
1757462874397 166.99560280037997 204
1757462874410 164.11627524731026 205
1757462874428 161.40630695100734 206
1757462874447 163.32620281608553 207
1757462874466 166.56480392655095 208
1757462874487 167.6836190056934 209
1757462874510 167.51072660551029 210
1757462874528 163.33411201044305 211
1757462874538 164.2603113757313 212
1757462874562 167.8482929622572 213
1757462874582 164.51058580589478 214
1757462874604 165.65680138647323 215
1757462874619 166.37163646014744 216
1757462874643 169.5581125295341 217
1757462874665 162.98135467627208 218
1757462874679 160.83992443981342 219
1757462874701 169.09691802152395 220
1757462874715 162.35445464688024 221
1757462874733 167.99345187620017 222
1757462874753 162.47541897007835 223
1757462874777 162.27258599466765 224
1757462874800 164.51601372907817 225
1757462874848 161.97688237711927 226
1757462874865 164.84830656261823 227
1757462874879 163.93316222685394 228
1757462874900 178.32257792335395 229
1757462874913 167.4233381224932 230
1757462874932 165.707407000296 231
1757462874957 164.84315209911034 232
1757462874973 165.38062311217854 233
1757462874992 163.41947759284386 234
1757462875010 163.30154401747114 235
1757462875028 170.3856412947296 236
1757462875042 163.74859247968396 237
1757462875060 165.5891130907745 238
1757462875078 163.16678025443898 239
1757462875093 163.13540736419293 240
1757462875116 168.88771364215037 241
1757462875137 167.55263886520243 242
1757462875156 163.87878729524115 243
1757462875172 163.2774377388833 244
1757462875198 161.28454798448013 245
1757462875226 166.37779922303613 246
1757462875244 165.24930141973553 247
1757462875264 167.8412543009259 248
1757462875281 165.6557199245117 249
1757462875299 165.64187549133425 250
1757462875310 160.84124598447093 251
1757462875330 164.2097227547095 252
1757462875353 169.58119197217843 253
1757462875371 159.17084284967456 254
1757462875399 161.40427620895198 255
1757462875418 168.77851716332304 256
1757462875471 178.01390717373602 257
1757462875486 168.0393151135006 258
1757462875504 163.91644367292622 259
1757462875548 164.51715525633665 260
1757462875573 196.01410877438678 261
1757462875592 157.78136924017764 262
1757462875610 161.9861730052882 263
1757462875636 163.2547645261738 264
1757462875652 159.421847040867 265
1757462875671 161.55219808107867 266
1757462875687 163.9624005271079 267
1757462875710 164.76833747632224 268
1757462875726 165.1961691043313 269
1757462875738 168.93758952928906 270
1757462875758 162.81244035374962 271
1757462875785 166.84922650202498 272
1757462875800 161.5573027034901 273
1757462875815 160.80950163332272 274
1757462875832 165.21037013966642 275
1757462875855 168.92253739968845 276
1757462875878 164.20801578205885 277
1757462875894 156.12429668488156 278
1757462875915 167.85683733815762 279
1757462875938 170.9093695248912 280
1757462875959 163.69388212667806 281
1757462876006 165.55679824532905 282
1757462876026 162.74661384429544 283
1757462876043 163.3428511257364 284
1757462876078 162.43067905792037 285
1757462876091 161.43534097399385 286
1757462876120 163.26431366974762 287
1757462876136 164.33530878807156 288
1757462876158 164.85240884206456 289
1757462876171 165.06032439053638 290
1757462876186 164.86157610398172 291
1757462876212 163.63186198010987 292
1757462876224 162.35843539770963 293
1757462876251 162.44751532599184 294
1757462876273 165.92144688744537 295
1757462876301 161.6158827283004 296
1757462876326 181.73103334815403 297
1757462876345 164.27716089528423 298
1757462876363 165.87154513520704 299
1757462876388 163.4255320381605 300
1757462876401 163.18888553609588 301
1757462876415 162.380362585346 302
1757462876432 166.79243360970585 303
1757462876447 169.63765554960852 304
1757462876460 158.70952962078934 305
1757462876474 163.05002260224745 306
1757462876493 162.16436822605908 307
1757462876506 165.43323206422184 308
1757462876520 162.9297766518185 309
1757462876536 158.83432115782193 310
1757462876556 158.24260560817407 311
1757462876573 161.5991807312837 312
1757462876591 162.66602494815606 313
1757462876607 165.67750670074795 314
1757462876629 163.4970642367717 315
1757462876643 182.50114268391235 316
1757462876669 193.20663113648223 317
1757462876692 166.3818130860111 318
1757462876705 167.77695527009246 319
1757462876724 158.05579230433307 320
1757462876746 164.44309992042417 321
1757462876762 164.34203590538982 322
1757462876785 168.39296659155147 323
1757462876800 164.06831520596614 324
1757462876818 161.4944143764141 325
1757462876843 160.31551588686966 326
1757462876858 163.63971786482486 327
1757462876879 166.98957942567682 328
1757462876903 164.9501681552695 329
1757462876922 164.5850755890864 330
1757462876935 160.20787025894174 331
1757462876949 162.90547895593576 332
1757462876965 163.72023753075348 333
1757462876979 163.7585968237812 334
1757462876993 161.723174119058 335
1757462877012 163.16721437631952 336
1757462877033 167.0872096660198 337
1757462877047 168.36075264033445 338
1757462877076 164.2489170376997 339
1757462877093 159.21835678455705 340
1757462877118 159.56813524037875 341
1757462877137 165.23081420085992 342
1757462877152 163.7737117882848 343
1757462877171 161.83535419293963 344
1757462877188 161.62573210269153 345
1757462877213 164.24247578732022 346
1757462877227 163.9987153863104 347
1757462877255 161.9810481166608 348
1757462877274 163.43991247645215 349
1757462877296 164.4070717592288 350
1757462877324 165.8836913521838 351
1757462877338 163.28359392644512 352
1757462877363 163.03718734478187 353
1757462877376 157.72329075355066 354
1757462877395 158.71554746303963 355
1757462877416 164.27857769345854 356
1757462877435 163.1573990781522 357
1757462877456 160.49041689786878 358
1757462877482 160.44625119893885 359
1757462877503 163.20322551029136 360
1757462877519 161.65216518529948 361
1757462877541 162.45943220811577 362
1757462877555 158.4597380922533 363
1757462877570 159.35150027785562 364
1757462877589 171.06211020897354 365
1757462877614 169.35633275999567 366
1757462877628 165.43414937597805 367
1757462877648 161.4655326993654 368
1757462877671 163.47772547022396 369
1757462877702 163.42851597138906 370
1757462877739 167.57161193544488 371
1757462877757 165.266099861211 372
1757462877777 163.66533579139184 373
1757462877815 168.20028105414764 374
1757462877829 165.76769945168135 375
1757462877849 159.11435710825793 376
1757462877867 165.92042746064163 377
1757462877885 161.8219721582322 378
1757462877906 159.64753419697024 379
1757462877929 162.64983212820292 380
1757462877951 162.67337793751514 381
1757462877967 161.75251698403096 382
1757462877999 164.309646818129 383
1757462878026 162.5023113815579 384
1757462878051 163.66704572989374 385
1757462878100 159.9432561068786 386
1757462878122 160.66898258264138 387
1757462878150 164.4187698690275 388
1757462878179 164.7354503851382 389
1757462878199 165.74304279987564 390
1757462878232 165.71458856099298 391
1757462878253 161.46395680699985 392
1757462878276 162.83541040688027 393
1757462878295 164.19333588799282 394
1757462878338 161.65347182742883 395
1757462878368 159.03608572755465 396
1757462878388 164.08154012143729 397
1757462878410 161.718369287631 398
1757462878437 166.858194023013 399
1757462878473 160.7924956831039 400
1757462878492 163.4719803401959 401
1757462878517 162.54908370241716 402
1757462878542 165.9814669739937 403
1757462878568 162.12814307283105 404
1757462878592 166.72478564713668 405
1757462878610 167.47820401146 406
1757462878630 161.58551405955413 407
1757462878651 161.54758750804368 408
1757462878667 164.99079687621332 409
1757462878682 160.07046979935507 410
1757462878709 162.8602192296903 411
1757462878729 166.62645802624618 412
1757462878749 163.29957954182905 413
1757462878773 165.9066082820048 414
1757462878790 159.9817573578449 415
1757462878811 160.49683623660877 416
1757462878827 166.87955616775878 417
1757462878852 160.657487594428 418
1757462878873 164.89261605163784 419
1757462878899 161.8961840350213 420
1757462878924 162.98003538556873 421
1757462878949 164.7081798602844 422
1757462878971 163.22715517006924 423
1757462878993 160.98472127702394 424
1757462879017 167.88762274374238 425
1757462879038 165.39932096115552 426
1757462879062 163.47833491450143 427
1757462879083 160.89911563137505 428
1757462879110 162.51259236719403 429
1757462879125 161.8953727818511 430
1757462879150 158.39937530426243 431
1757462879177 160.3576456880937 432
1757462879210 159.58523291623823 433
1757462879230 162.03759379245906 434
1757462879255 157.41551067089665 435
1757462879277 162.84704924474644 436
1757462879315 163.99220349104976 437
1757462879339 160.78837093369282 438
1757462879368 160.97612691865925 439
1757462879385 158.87428484975965 440
1757462879399 161.69637360318126 441
1757462879428 162.61188884721918 442
1757462879457 169.74752881985728 443
1757462879475 161.79344496264747 444
1757462879492 163.9170285296446 445
1757462879510 157.84690571337072 446
1757462879538 161.5994545915836 447
1757462879555 163.01326436895351 448
1757462879577 164.31040454807123 449
1757462879617 162.1326093920087 450
1757462879660 161.68355775437973 451
1757462879694 158.6125966247787 452
1757462879713 159.85352137279062 453
1757462879737 158.79694519630988 454
1757462879755 160.7755917163799 455
1757462879785 164.4460311719497 456
1757462879806 161.1758040293139 457
1757462879835 160.1770997437395 458
1757462879853 165.18970698650915 459
1757462879888 159.59612993416187 460
1757462879905 193.9886102375499 461
1757462879934 161.97664335396274 462
1757462879962 164.2709291591281 463
1757462880001 161.76820538713775 464
1757462880029 162.99550614992606 465
1757462880051 161.41864269827525 466
1757462880087 161.63615292844386 467
1757462880116 160.27216694637485 468
1757462880158 163.03696320387286 469
1757462880188 159.20202800461027 470
1757462880210 160.60518525537282 471
1757462880231 157.8066817813493 472
1757462880256 165.84775559373952 473
1757462880277 161.60463520625626 474
1757462880315 162.19267842507577 475
1757462880344 163.2068772999499 476
1757462880370 159.54598131386496 477
1757462880394 161.00421180045655 478
1757462880416 164.5125958169066 479
1757462880442 168.06048756513297 480
1757462880477 163.73998405013054 481
1757462880513 162.03137109603307 482
1757462880545 159.52512566790585 483
1757462880561 156.7090702026719 484
1757462880583 159.93471658366275 485
1757462880603 162.81074856778076 486
1757462880624 161.13792778141598 487
1757462880640 160.3252676797158 488
1757462880667 167.70129834135196 489
1757462880688 160.13693414037388 490
1757462880712 158.0752038123253 491
1757462880739 165.56568183373946 492
1757462880755 161.71450869267866 493
1757462880777 157.69093844432223 494
1757462880806 158.29501390347164 495
1757462880832 159.89947031765476 496
1757462880863 158.25940081779254 497
1757462880885 159.61104288549274 498
1757462880907 156.4388280242389 499
