1757462881485 170.7986671467144 0
1757462881501 170.8770634143522 1
1757462881516 168.66934303091801 2
1757462881540 161.26889990420918 3
1757462881553 172.28589395999964 4
1757462881566 169.25040908347728 5
1757462881580 167.49551322267132 6
1757462881603 156.19542571406038 7
1757462881622 161.26616298565406 8
1757462881641 168.44850039279405 9
1757462881654 166.82571162316304 10
1757462881664 172.63417909091842 11
1757462881674 171.00780255801772 12
1757462881695 166.618741588071 13
1757462881714 164.58882597587655 14
1757462881727 172.10087646838446 15
1757462881740 164.65704505524647 16
1757462881749 168.5523204737424 17
1757462881769 176.0061995118093 18
1757462881778 162.87893835145402 19
1757462881791 172.57437076923716 20
1757462881799 167.32607084995303 21
1757462881810 171.43903796168283 22
1757462881824 168.38670827346283 23
1757462881845 168.515670398307 24
1757462881860 174.52737127435054 25
1757462881874 162.81574234318083 26
1757462881891 168.40500818951094 27
1757462881905 160.8841991096519 28
1757462881915 169.83064625605206 29
1757462881927 166.5240420655744 30
1757462881938 171.56540370800448 31
1757462881953 168.80216817908826 32
1757462881966 175.11771962793813 33
1757462881973 174.33078929761618 34
1757462881987 168.24376382619855 35
1757462882001 161.2886293254898 36
1757462882010 167.99959314495658 37
1757462882019 163.2475552137588 38
1757462882027 163.67396269686222 39
1757462882052 174.79471445512263 40
1757462882060 166.85815572133774 41
1757462882073 168.59138322145867 42
1757462882081 168.48696030851067 43
1757462882097 164.2121933540919 44
1757462882108 161.64322281626755 45
1757462882117 170.38805073721358 46
1757462882131 163.37955526459416 47
1757462882139 165.38931737808917 48
1757462882149 165.76007626502226 49
1757462882165 165.56371876622998 50
1757462882181 165.52521097627647 51
1757462882189 168.55611293676844 52
1757462882210 162.4070666969732 53
1757462882222 169.70480726387095 54
1757462882238 162.80469001559786 55
1757462882246 175.40517947336517 56
1757462882262 171.78363585933337 57
1757462882272 161.743354491748 58
1757462882286 167.50043281727272 59
1757462882294 171.96462229117498 60
1757462882309 168.2704318223787 61
1757462882324 162.58720554885596 62
1757462882339 162.67315795154443 63
1757462882368 169.3952578524455 64
1757462882378 160.64855561927988 65
1757462882391 168.0687974065266 66
1757462882401 157.39740451714152 67
1757462882412 168.79794295506 68
1757462882422 169.72693656991788 69
1757462882435 163.15925968768187 70
1757462882446 172.4328089818509 71
1757462882463 168.35741970510685 72
1757462882471 163.5942272873587 73
1757462882489 163.93605916311031 74
1757462882506 164.30163101928994 75
1757462882515 166.42920054033456 76
1757462882527 170.5745561900131 77
1757462882542 166.81435564881428 78
1757462882562 158.97314568509012 79
1757462882574 167.8291568170744 80
1757462882596 168.37538575478942 81
1757462882681 162.70970243829976 82
1757462882712 166.3647456981431 83
1757462882731 162.70487352222028 84
1757462882752 168.2036419528529 85
1757462882773 171.71716922253935 86
1757462882788 166.0742894113703 87
1757462882801 166.6994757358846 88
1757462882816 163.05272917817084 89
1757462882833 163.71014119101056 90
1757462882850 165.5555764988446 91
1757462882863 162.65397807304672 92
1757462882879 167.21737286169557 93
1757462882888 163.76456112297265 94
1757462882902 169.2808536711546 95
1757462882919 161.91084371268872 96
1757462882931 158.41410476759526 97
1757462882945 162.82154279528186 98
1757462882954 160.28390982890426 99
1757462882979 165.31587713021307 100
1757462882995 160.17530979311013 101
1757462883005 157.43356732438474 102
1757462883022 162.9470289098867 103
1757462883035 173.2712941549058 104
1757462883046 165.65190903357282 105
1757462883060 164.2042862559131 106
1757462883080 166.51420297671464 107
1757462883092 168.3440227238791 108
1757462883109 160.2973274024518 109
1757462883129 165.31855090122818 110
1757462883157 165.40126996319998 111
1757462883179 168.18848761548006 112
1757462883192 166.76964085178375 113
1757462883203 157.6903241632379 114
1757462883216 161.3412923468758 115
1757462883237 163.57355598581324 116
1757462883256 161.93896747384855 117
1757462883273 170.49522248619417 118
1757462883286 165.7802736054538 119
1757462883301 166.87271204248302 120
1757462883323 163.67430103556165 121
1757462883348 159.92037677074825 122
1757462883364 163.81549235905496 123
1757462883395 167.99866724756495 124
1757462883411 163.76986693026166 125
1757462883424 165.85462865044556 126
1757462883437 171.21734639765307 127
1757462883458 162.3079182460125 128
1757462883472 158.53900302945655 129
1757462883488 158.72429831086606 130
1757462883500 170.20108928739674 131
1757462883513 158.7076716215678 132
1757462883527 161.64707342499202 133
1757462883553 164.05052995323632 134
1757462883630 162.81001975264547 135
1757462883644 160.506419096975 136
1757462883668 153.19261013990345 137
1757462883703 169.42886810033414 138
1757462883729 168.9688969364276 139
1757462883743 162.1320470246803 140
1757462883763 158.83140634182416 141
1757462883794 190.9410864689076 142
1757462883806 163.78782626616592 143
1757462883839 164.3422226603169 144
1757462883852 158.3424048877232 145
1757462883866 164.9719594668343 146
1757462883900 166.76215727845667 147
1757462883916 164.8912333918976 148
1757462883932 168.83467166667486 149
1757462883956 164.57259116738177 150
1757462883979 162.93413829090485 151
1757462884008 161.16069002263808 152
1757462884027 166.91425187127896 153
1757462884063 157.66195624846753 154
1757462884086 160.80546531203512 155
1757462884108 161.61087823033935 156
1757462884125 163.82027157821295 157
1757462884139 157.23251069587658 158
1757462884161 162.56613416225142 159
1757462884173 164.40037866878816 160
1757462884199 161.13792651863758 161
1757462884215 172.30278575217542 162
1757462884227 164.19830318438176 163
1757462884248 163.43628975962315 164
1757462884268 162.715023103466 165
1757462884288 156.97006191366015 166
1757462884300 158.02247660360024 167
1757462884324 172.04193166746336 168
1757462884357 164.40043669908968 169
1757462884382 166.82900851625973 170
1757462884398 158.715748604047 171
1757462884410 157.56315180845047 172
1757462884423 162.55893821087938 173
1757462884443 163.4936072285684 174
1757462884462 168.38516198539418 175
1757462884475 164.65839937760705 176
1757462884494 164.64271026771047 177
1757462884508 163.85354578265154 178
1757462884528 160.30465797883804 179
1757462884551 158.212420324608 180
1757462884582 160.77447078396312 181
1757462884601 161.9633080887304 182
1757462884623 163.7223469745589 183
1757462884638 160.11056574777217 184
1757462884659 163.3385078916577 185
1757462884676 158.3136821020552 186
1757462884688 164.54244412641424 187
1757462884702 159.48098131370233 188
1757462884719 167.43371143032587 189
1757462884737 168.2104472447405 190
1757462884752 166.41814975942643 191
1757462884768 159.98111936547718 192
1757462884783 164.0133190906906 193
1757462884798 164.6975377371578 194
1757462884813 164.5978806488829 195
1757462884825 163.1592663643877 196
1757462884842 160.29109008081866 197
1757462884853 161.5269179828637 198
1757462884866 163.23592412899106 199
1757462884881 164.3251196475427 200
1757462884893 160.67589404970641 201
1757462884940 159.34598949900212 202
1757462884964 158.8066781239325 203
1757462884989 167.67886860719423 204
1757462885020 165.0985364754081 205
1757462885046 163.26976918192454 206
1757462885057 158.93344008544693 207
1757462885077 166.05592882984743 208
1757462885094 164.41228202966101 209
1757462885109 164.92177739138336 210
1757462885120 170.73655458070542 211
1757462885139 164.60628924700362 212
1757462885155 160.04943346222933 213
1757462885167 162.6803395820339 214
1757462885188 162.15873666107777 215
1757462885205 159.3712772793669 216
1757462885223 154.4331555621912 217
1757462885245 162.83305229069043 218
1757462885262 159.0132418939699 219
1757462885274 160.1094478600823 220
1757462885292 165.35879909289872 221
1757462885316 159.65603070796473 222
1757462885355 162.88024047388657 223
1757462885372 162.91636557945156 224
1757462885392 155.2329095185448 225
1757462885409 159.46464392496932 226
1757462885425 164.9003028815676 227
1757462885446 163.59547231355504 228
1757462885463 158.24652635084638 229
1757462885477 154.63377229936043 230
1757462885495 161.68996233128235 231
1757462885513 164.59437290273004 232
1757462885533 161.22199818355216 233
1757462885558 161.25706122605158 234
1757462885573 161.14699037896204 235
1757462885610 164.1563836387129 236
1757462885622 154.32812924361173 237
1757462885649 156.9673939249429 238
1757462885670 152.4375915111277 239
1757462885687 159.1888346439051 240
1757462885703 158.5958070985509 241
1757462885723 158.6166695512682 242
1757462885741 158.9450470778285 243
1757462885753 163.12884332699565 244
1757462885779 161.8090473424096 245
1757462885798 158.45158089521635 246
1757462885820 162.4040776372737 247
1757462885841 157.52691267622217 248
1757462885858 163.04005916208953 249
1757462885875 162.4636638840833 250
1757462885892 152.0362897457159 251
1757462885914 158.20737707705342 252
1757462885936 168.6315134193166 253
1757462885954 159.85753137570234 254
1757462885968 158.31839488806673 255
1757462885986 159.34989312521336 256
1757462886017 157.23059542329938 257
1757462886037 159.06053493066787 258
1757462886056 160.25158892459817 259
1757462886075 159.21052137337318 260
1757462886096 161.07214694649127 261
1757462886112 160.8803730019028 262
1757462886128 163.95901317330365 263
1757462886147 163.9084155948628 264
1757462886159 156.9398017277446 265
1757462886177 184.9362355124778 266
1757462886197 161.74281352945246 267
1757462886219 162.11457404006424 268
1757462886234 157.7849710974906 269
1757462886252 156.96484565607287 270
1757462886275 163.91696886136984 271
1757462886291 159.35240443837895 272
1757462886323 184.67025582080137 273
1757462886337 156.1375132743847 274
1757462886364 157.63987566313247 275
1757462886381 158.27058276413868 276
1757462886399 157.87900818186046 277
1757462886428 153.06035858250075 278
1757462886448 158.36147512130657 279
1757462886468 164.1321801376729 280
1757462886483 156.37669609990147 281
1757462886500 157.46242810843003 282
1757462886513 160.47713726295694 283
1757462886529 157.5682588814983 284
1757462886556 160.6401630978094 285
1757462886588 157.01208185157955 286
1757462886611 154.29460013540393 287
1757462886630 160.13749510229678 288
1757462886653 162.2068606589816 289
1757462886684 159.80297287018269 290
1757462886708 160.84554885879305 291
1757462886730 159.7151121544476 292
1757462886750 156.11610284457893 293
1757462886764 161.16767525826674 294
1757462886780 155.63474796113778 295
1757462886801 165.9817938778504 296
1757462886821 164.31510795740172 297
1757462886836 158.0521880024532 298
1757462886858 157.77635251338543 299
1757462886872 157.59207080775667 300
1757462886895 164.39237320387232 301
1757462886923 156.3481504314272 302
1757462886936 156.69639373102325 303
1757462886956 158.91438054088528 304
1757462886980 156.94468367305265 305
1757462886993 159.3049771318113 306
1757462887008 159.48617710476785 307
1757462887028 165.0150907412186 308
1757462887043 159.09056068871294 309
1757462887072 155.8845369753427 310
1757462887086 155.5474672063552 311
1757462887101 166.44481588756906 312
1757462887115 153.78622038820788 313
1757462887134 159.83008918263013 314
1757462887153 155.7134292186244 315
1757462887166 157.41064322492917 316
1757462887191 159.18934705247332 317
1757462887209 162.64118020642906 318
1757462887229 159.96237404359098 319
1757462887253 156.92907949560407 320
1757462887276 148.7848400422439 321
1757462887296 159.95337978844017 322
1757462887310 156.3637068033508 323
1757462887336 163.20566892142577 324
1757462887356 156.91181535293444 325
1757462887377 158.1164855018012 326
1757462887413 158.98330367459528 327
1757462887431 161.13123588012556 328
1757462887458 162.7373334814244 329
1757462887482 156.56944289765028 330
1757462887498 157.7254296139723 331
1757462887519 159.39864343945337 332
1757462887540 157.29343663014305 333
1757462887571 157.83360586470906 334
1757462887598 153.58739814940313 335
1757462887619 157.583141334959 336
1757462887648 161.01007347966555 337
1757462887676 174.97875148819313 338
1757462887697 158.97591567134148 339
1757462887725 159.30694434329092 340
1757462887759 159.8541902939875 341
1757462887778 158.7210612530387 342
1757462887796 157.75423696368915 343
1757462887816 164.89019506804465 344
1757462887841 154.58025708458325 345
1757462887859 156.38469388211487 346
1757462887879 156.6906376388177 347
1757462887904 158.57171575264866 348
1757462887925 162.5118057605641 349
1757462887954 162.9817127103648 350
1757462887975 160.8252035803516 351
1757462887999 153.56692650169353 352
1757462888026 163.85962815174065 353
1757462888046 155.80132672206796 354
1757462888074 153.45105400257987 355
1757462888093 159.53733605401953 356
1757462888117 162.01012988183606 357
1757462888145 158.14836352892783 358
1757462888172 158.5114728323402 359
1757462888193 160.26552715626704 360
1757462888213 162.11355859741744 361
1757462888242 158.78804119127227 362
1757462888276 157.9247019108911 363
1757462888300 160.58762790784766 364
1757462888334 154.55891756731015 365
1757462888355 160.49111961497331 366
1757462888390 156.98559556237163 367
1757462888435 148.87881904413547 368
1757462888454 152.85360887219232 369
1757462888532 156.1039596181014 370
1757462888548 153.8623533752421 371
1757462888574 157.043011366121 372
1757462888604 157.94656506253315 373
1757462888633 153.5986042167576 374
1757462888662 158.2451885540328 375
1757462888701 155.33958064379712 376
1757462888725 160.13518872384697 377
1757462888752 154.13042878060918 378
1757462888791 165.0621969896202 379
1757462888827 159.93464098475854 380
1757462888894 156.68347550728092 381
1757462888933 158.44650829478803 382
1757462888971 149.67025670851737 383
1757462889026 162.39200585245993 384
1757462889042 152.83054218068932 385
1757462889076 154.25130667584705 386
1757462889145 159.3750383856133 387
1757462889216 154.7660846984563 388
1757462889250 153.50835987438873 389
1757462889335 157.08181887031537 390
1757462889368 157.37623430688095 391
1757462889453 156.66826910983437 392
1757462889480 151.3959710577057 393
1757462889508 153.0505257907898 394
1757462889526 156.9467234969017 395
1757462889554 150.80730323113397 396
1757462889576 155.41908186887136 397
1757462889613 148.5757506614062 398
1757462889638 161.22695024204484 399
1757462889663 154.53483511816543 400
1757462889696 160.956329962748 401
1757462889730 183.8336590551471 402
1757462889778 152.13778001343434 403
1757462889802 157.83775740532693 404
1757462889828 159.38664250092006 405
1757462889853 154.3308310855573 406
1757462889875 157.41616067985285 407
1757462889892 153.25499283817146 408
1757462889914 159.9047970688968 409
1757462889931 155.22794200414742 410
1757462889958 153.41960057524778 411
1757462889980 152.08336988977624 412
1757462890004 150.63863013898404 413
1757462890027 156.88081425603585 414
1757462890053 159.767638117713 415
1757462890082 156.1322758182702 416
1757462890101 156.3007111936569 417
1757462890118 161.4365189508048 418
1757462890151 149.432969591491 419
1757462890178 151.41627544397232 420
1757462890198 157.7421497408486 421
1757462890214 159.28191861879154 422
1757462890235 158.83733108673835 423
1757462890267 153.54648555484204 424
1757462890297 151.17148962997183 425
1757462890322 152.21077736264672 426
1757462890349 154.44607533346712 427
1757462890377 151.49175931098233 428
1757462890402 157.3692128609648 429
1757462890420 158.4560753399834 430
1757462890442 159.3081824534434 431
1757462890460 158.84153342671922 432
1757462890497 155.51939582052816 433
1757462890532 155.9419209241605 434
1757462890558 154.3529277077557 435
1757462890604 159.21507397235254 436
1757462890651 153.4991985137298 437
1757462890765 156.7973605295264 438
1757462890826 152.2858402708893 439
1757462890859 150.79005486404378 440
1757462890886 157.92050815895828 441
1757462890924 158.49715677706644 442
1757462890954 151.7016096709934 443
1757462890973 151.4080912480969 444
1757462890992 150.845262872388 445
1757462891019 152.43072233531146 446
1757462891042 155.56884811031827 447
1757462891067 152.41472592402238 448
1757462891096 160.4474104208164 449
1757462891118 156.18766396748802 450
1757462891139 152.76980031296713 451
1757462891159 155.36879618123285 452
1757462891182 161.86926019774725 453
1757462891226 165.43790649096803 454
1757462891265 156.36152583953114 455
1757462891299 150.35308108163466 456
1757462891328 150.7917484683393 457
1757462891362 162.06538945070287 458
1757462891397 156.37345675588801 459
1757462891428 149.5551557302642 460
1757462891465 154.74573504717534 461
1757462891494 160.05167294820873 462
1757462891526 156.90510268741127 463
1757462891552 156.70014317320525 464
1757462891583 156.6429273671947 465
1757462891607 183.8561862162139 466
1757462891636 154.24081970887917 467
1757462891664 152.07623126661628 468
1757462891685 157.31534030161936 469
1757462891717 151.94980155498916 470
1757462891748 152.76337638002528 471
1757462891771 153.27349758467872 472
1757462891798 155.66495212825714 473
1757462891842 157.56677873748646 474
1757462891867 154.359450531031 475
1757462891892 155.97684650915684 476
1757462891927 152.00958567491674 477
1757462891950 151.7281706160158 478
1757462891982 157.47082537732436 479
1757462892007 159.5357311338624 480
1757462892030 152.94425688951978 481
1757462892057 153.6652492449991 482
1757462892083 153.91141672170252 483
1757462892109 156.22362783859194 484
1757462892134 160.06530958970203 485
1757462892166 152.6962995712088 486
1757462892201 155.87588453029514 487
1757462892220 152.19651206233033 488
1757462892247 156.80318535787427 489
1757462892275 157.44110039060035 490
1757462892308 158.62619774433563 491
1757462892337 159.20465763591858 492
1757462892360 152.5480018244141 493
1757462892383 152.26392955861434 494
1757462892417 157.1482850398523 495
1757462892441 150.22444965332875 496
1757462892467 148.35866447512106 497
1757462892499 158.5991204611813 498
1757462892530 153.82791221945112 499
