1757463035808 172158851.64102957 0
1757463035872 5.961047826542609e+19 1
1757463035948 2.7630318386958376e+33 2
1757463036019 1.1179683030084444e+45 3
1757463036086 9.29153094248491e+57 4
1757463036169 3.082347973210158e+68 5
1757463036223 5.465314716013129e+81 6
1757463036286 1.0811103909776132e+93 7
1757463036380 2.4047855719522645e+105 8
1757463036451 3.4357883393817286e+116 9
1757463036513 2.5550781311392322e+129 10
1757463036589 7.606385110938273e+139 11
1757463036663 6.670394637966961e+152 12
1757463036745 1.7018952788367721e+165 13
1757463036819 6.63614636162214e+176 14
1757463036880 3.2679111915999685e+188 15
1757463036941 1.324483262620715e+201 16
1757463037014 1.5744234854363358e+213 17
1757463037084 3.3619046977743954e+224 18
1757463037152 3.7467188028103776e+236 19
1757463037215 1.0214613886251656e+248 20
1757463037284 1.1669640277362354e+259 21
1757463037350 3.362850377344987e+272 22
1757463037416 1.7526337202523327e+284 23
1757463037479 2.555112248121169e+296 24
1757463037552 inf 25
1757463037622 inf 26
