1757462724052 117007858.10662451 0
1757462724109 5.898631254168998e+17 1
1757462724168 2.9739832930411413e+25 2
1757462724231 5.1409641280655685e+38 3
1757462724306 5.718803884956455e+49 4
1757462724359 9.463011965574713e+62 5
1757462724415 3.5741462874041316e+71 6
1757462724472 1.5060528202632877e+78 7
1757462724525 1.9489874363629576e+91 8
1757462724588 4.515732092647786e+102 9
1757462724646 5.017356103358074e+115 10
1757462724692 8.156066677420733e+122 11
1757462724749 6.612282395438939e+132 12
1757462724800 4.5397110820040546e+140 13
1757462724857 7.483428120982401e+154 14
1757462724914 3.16669601049943e+161 15
1757462724966 1.0967682162359038e+170 16
1757462725023 5.803535064597497e+181 17
1757462725079 1.4847740337934115e+191 18
1757462725134 5.445885344989881e+199 19
1757462725212 1.5673020246165304e+209 20
1757462725253 1.0424078920122806e+220 21
1757462725318 4.728478338616056e+229 22
1757462725370 2.5877043448712713e+238 23
1757462725416 2.478712903314756e+248 24
1757462725464 3.888472282582998e+258 25
1757462725517 1.8816710636180885e+269 26
1757462725570 9.068061217459216e+278 27
1757462725638 1.2268771072121967e+288 28
1757462725689 8.187677173277089e+299 29
1757462725751 inf 30
1757462725818 inf 31
