1757462314630 6997994529.777796 0
1757462314672 3.029559463796438e+19 1
1757462314713 1.1101847363529859e+29 2
1757462314745 2.918515153147225e+42 3
1757462314795 1.861437612075292e+51 4
1757462314871 1.4342777137317677e+63 5
1757462314931 8.112011449061539e+73 6
1757462314969 8.964480758194736e+82 7
1757462315017 5.5724841828595914e+94 8
1757462315057 7.891828177947314e+106 9
1757462315098 2.712058707005565e+117 10
1757462315157 1.1491909330073972e+128 11
1757462315198 2.0937168428614754e+141 12
1757462315235 3.5621271162153865e+151 13
1757462315274 7.734905721876646e+163 14
1757462315312 4.884113806112023e+174 15
1757462315349 6.500570445955492e+182 16
1757462315384 1.8933531212443503e+195 17
1757462315424 9.957178118483326e+204 18
1757462315476 1.7757308995686888e+215 19
1757462315511 8.077548484966449e+231 20
1757462315545 1.8199868076650362e+241 21
1757462315580 3.5425786290340177e+254 22
1757462315628 1.1528819489467436e+264 23
1757462315677 2.0423922583099623e+275 24
1757462315718 2.4867084999350987e+289 25
1757462315769 1.9599110042934855e+298 26
1757462315814 6.985085082947089e+307 27
1757462315856 inf 28
