1757462537033 176.31034667144783 0
1757462537043 171.65362089380284 1
1757462537049 169.7613494880577 2
1757462537061 171.0870452100075 3
1757462537071 170.50318702697413 4
1757462537082 171.44324939329192 5
1757462537094 167.2755598284785 6
1757462537104 169.76096217003425 7
1757462537111 168.19904166159574 8
1757462537123 166.53465575975662 9
1757462537133 168.13652858740207 10
1757462537154 168.87874257418832 11
1757462537160 170.34276206107933 12
1757462537171 167.7817316066156 13
1757462537178 169.52030947190678 14
1757462537195 169.00649145859688 15
1757462537204 167.7459351968227 16
1757462537212 169.02456920019313 17
1757462537221 170.92406094134657 18
1757462537228 167.16138154841784 19
1757462537244 169.95556826781473 20
1757462537251 169.39537427818738 21
1757462537261 165.98435261101457 22
1757462537274 176.7192011327752 23
1757462537285 169.89852699684582 24
1757462537296 168.69898903433145 25
1757462537303 167.97840469045764 26
1757462537317 168.7675021315584 27
1757462537332 172.42716856586418 28
1757462537349 169.94624913421126 29
1757462537360 170.3236235694572 30
1757462537368 170.01089457163485 31
1757462537384 163.76021294818088 32
1757462537393 166.30818981616477 33
1757462537402 164.0814189553564 34
1757462537415 177.75196644896212 35
1757462537433 173.14639107323126 36
1757462537450 168.4734545452563 37
1757462537456 168.64490662409236 38
1757462537472 164.69251339678348 39
1757462537479 161.4491303161994 40
1757462537495 165.2061587790039 41
1757462537502 167.63856913877865 42
1757462537516 167.62110023939954 43
1757462537523 165.42382938492307 44
1757462537536 170.2619850457115 45
1757462537544 166.18001525646363 46
1757462537554 168.3935627119122 47
1757462537568 166.06249736375767 48
1757462537575 191.63607857010385 49
1757462537597 170.5505861148938 50
1757462537604 168.10010210876206 51
1757462537624 169.75169424345046 52
1757462537654 168.68759035847177 53
1757462537667 169.25798278238767 54
1757462537675 163.63471682933945 55
1757462537683 167.61083473371548 56
1757462537691 165.95285580906787 57
1757462537704 169.2180479066925 58
1757462537716 166.31499392403003 59
1757462537729 167.535097664999 60
1757462537737 168.86160992518046 61
1757462537745 166.4731022159112 62
1757462537764 168.71225871384752 63
1757462537775 158.41697588410787 64
1757462537787 161.06855792371496 65
1757462537800 166.42882916421968 66
1757462537810 169.48435558408715 67
1757462537828 164.95956966220686 68
1757462537843 166.68485436882395 69
1757462537860 169.93594634092892 70
1757462537885 163.0357629286226 71
1757462537897 171.15402219379268 72
1757462537905 165.0584349414272 73
1757462537916 167.83820677299133 74
1757462537934 166.02990599479082 75
1757462537948 166.9807085315526 76
1757462537956 166.66726943513248 77
1757462537972 164.4923836241986 78
1757462537980 163.77928854277454 79
1757462537988 166.75156113437436 80
1757462538002 166.0971099424243 81
1757462538010 166.35688040499235 82
1757462538018 164.3114374981468 83
1757462538030 169.69464306693078 84
1757462538041 165.96920244159725 85
1757462538051 165.16036253946865 86
1757462538062 162.1930579687152 87
1757462538073 164.02792931939308 88
1757462538085 165.36869491205206 89
1757462538098 165.2512994384687 90
1757462538108 167.40914655829152 91
1757462538118 164.8471967129635 92
1757462538136 169.2050037911635 93
1757462538145 169.06805910584964 94
1757462538164 166.24127554765016 95
1757462538171 170.80257232122 96
1757462538181 170.47701864800544 97
1757462538194 173.27577986068894 98
1757462538202 167.17841930445195 99
1757462538214 167.69997525399697 100
1757462538225 162.9196805573554 101
1757462538235 167.69609255195837 102
1757462538258 170.4562002843088 103
1757462538284 168.03978469663227 104
1757462538315 168.06062063613092 105
1757462538328 162.98985612579438 106
1757462538350 164.171969355294 107
1757462538363 166.93232644593024 108
1757462538371 200.82492826604346 109
1757462538397 167.6947211593635 110
1757462538412 161.47296789217285 111
1757462538426 181.5376516604139 112
1757462538449 166.10591547485433 113
1757462538457 167.99346607606196 114
1757462538466 166.77883741372563 115
1757462538494 170.05114552583117 116
1757462538510 164.89513799657243 117
1757462538529 164.91710729553841 118
1757462538538 167.56433828885835 119
1757462538553 163.8587121789616 120
1757462538564 164.7819240126135 121
1757462538581 164.36246995243783 122
1757462538595 165.73335739881597 123
1757462538615 164.4409794600135 124
1757462538629 194.3416775199458 125
1757462538643 170.31736562685472 126
1757462538652 167.30421932203177 127
1757462538668 166.98081938216774 128
1757462538678 166.53036721127566 129
1757462538692 167.4265448769195 130
1757462538707 167.02608396835984 131
1757462538715 164.0222026953095 132
1757462538732 162.63885011862857 133
1757462538746 166.27361165382922 134
1757462538762 164.56737919938308 135
1757462538776 166.90973292717285 136
1757462538785 165.927778232378 137
1757462538797 166.2289624727781 138
1757462538818 167.72668238041945 139
1757462538830 159.45998289899222 140
1757462538855 166.9110725764189 141
1757462538868 155.95835760931857 142
1757462538881 166.12366461772658 143
1757462538902 167.67136142793333 144
1757462538957 159.08868933285856 145
1757462538976 166.5898059065736 146
1757462538997 165.41696110598033 147
1757462539011 164.15260921228037 148
1757462539021 172.2528867147709 149
1757462539035 167.72863185990855 150
1757462539057 164.95844292188883 151
1757462539074 163.9411958545063 152
1757462539098 167.5604925636779 153
1757462539109 166.5477744754163 154
1757462539138 166.91176907235342 155
1757462539164 165.9623649069511 156
1757462539179 166.37586255615395 157
1757462539207 166.11336764601234 158
1757462539227 158.4051052017719 159
1757462539241 168.8074471257856 160
1757462539250 166.71756666234558 161
1757462539265 162.90018703923226 162
1757462539276 165.36265911753696 163
1757462539296 160.6778752649131 164
1757462539311 161.06895970797126 165
1757462539326 168.91442872788866 166
1757462539349 161.58785214471595 167
1757462539360 171.81765355297458 168
1757462539379 165.22034128774848 169
1757462539393 167.2128623382931 170
1757462539411 163.62292658772043 171
1757462539430 166.24356100854578 172
1757462539439 171.55116824365246 173
1757462539452 163.14188883148876 174
1757462539469 168.078068312351 175
1757462539491 171.16249883958088 176
1757462539524 166.8298723171273 177
1757462539540 165.4015608499192 178
1757462539556 165.76483163836218 179
1757462539569 163.538513369207 180
1757462539579 167.6755938046514 181
1757462539597 163.46778254875147 182
1757462539613 167.1665959339289 183
1757462539626 166.78819216892185 184
1757462539637 162.5254974921111 185
1757462539653 163.56449640244264 186
1757462539671 163.46670002583693 187
1757462539681 166.8271446188943 188
1757462539692 167.33529756657555 189
1757462539719 168.85471166091435 190
1757462539728 161.19558416703393 191
1757462539745 165.89991137740554 192
1757462539765 168.71629473868174 193
1757462539783 166.66643790444257 194
1757462539799 166.01276625245677 195
1757462539818 162.90486901858557 196
1757462539830 173.28215546949406 197
1757462539843 171.83256058364213 198
1757462539859 160.9428963761061 199
1757462539869 168.5247264588115 200
1757462539881 170.25068985391573 201
1757462539892 165.05376873851168 202
1757462539903 172.61411482217892 203
1757462539916 168.82666291658802 204
1757462539926 165.9614575612131 205
1757462539942 161.8862930810085 206
1757462539962 161.20068740166204 207
1757462539975 163.2234352505212 208
1757462539992 167.46345697470906 209
1757462540006 166.48036425859047 210
1757462540024 159.5271335074313 211
1757462540039 165.95797678358133 212
1757462540049 162.06801715769586 213
1757462540066 164.78971779879294 214
1757462540084 162.57070934571442 215
1757462540097 166.5292922764533 216
1757462540123 164.72058423411477 217
1757462540146 169.22777697964523 218
1757462540158 156.78285093642074 219
1757462540169 159.91442043777946 220
1757462540181 159.7378232592112 221
1757462540201 168.04007365725332 222
1757462540216 164.02989657786514 223
1757462540229 165.29206451225346 224
1757462540243 161.91124039750275 225
1757462540261 169.16704442276563 226
1757462540284 162.3603605891492 227
1757462540294 165.0923071011298 228
1757462540306 161.84730952139716 229
1757462540318 161.81882422923732 230
1757462540334 168.47481654288185 231
1757462540344 170.26565611972558 232
1757462540365 165.7209223892596 233
1757462540384 158.75381253102097 234
1757462540408 164.30004051681453 235
1757462540419 161.25959947035557 236
1757462540435 181.53257071469307 237
1757462540449 163.17866436153787 238
1757462540460 166.65361799199292 239
1757462540477 163.83808244118947 240
1757462540496 169.14422926588625 241
1757462540507 169.11607317907408 242
1757462540537 164.96870354843304 243
1757462540563 160.9642146946066 244
1757462540588 165.4044090943919 245
1757462540632 164.63839121762027 246
1757462540664 161.82828146073587 247
1757462540684 160.28869971357335 248
1757462540708 162.14354038371255 249
1757462540731 163.57722556734433 250
1757462540749 172.27352719622445 251
1757462540762 165.5077848334077 252
1757462540777 169.14845549069136 253
1757462540788 160.55731406084254 254
1757462540806 167.4292633275819 255
1757462540824 165.88635862457994 256
1757462540840 164.71549726318372 257
1757462540866 160.66404313795636 258
1757462540876 165.16080226320764 259
1757462540893 162.57512371610488 260
1757462540909 161.35900037362438 261
1757462540931 171.67079609412906 262
1757462540945 177.3879032184111 263
1757462540963 165.67645535923583 264
1757462540974 198.71206987570872 265
1757462540987 166.5084467875856 266
1757462541005 160.91913152917914 267
1757462541019 165.8872947800217 268
1757462541035 161.36349394555043 269
1757462541063 166.80537724637063 270
1757462541075 168.3298885727308 271
1757462541122 165.57089195131243 272
1757462541142 163.90378639815606 273
1757462541162 161.71275192184095 274
1757462541181 169.47039588751738 275
1757462541196 163.24800250237848 276
1757462541217 162.95024636921556 277
1757462541228 168.85813384247052 278
1757462541260 166.25498646707365 279
1757462541318 170.10595492580995 280
1757462541339 163.94350991619362 281
1757462541355 170.08834926077907 282
1757462541368 167.96619130206057 283
1757462541386 163.64491328436748 284
1757462541409 162.93369384634178 285
1757462541420 164.91837391379664 286
1757462541452 159.43986188953613 287
1757462541469 160.82881551876403 288
1757462541484 162.38789621290476 289
1757462541513 163.52461790814223 290
1757462541550 159.4389308887009 291
1757462541565 165.13793555832558 292
1757462541577 163.63027332733375 293
1757462541590 170.07933127173035 294
1757462541603 165.50732325202262 295
1757462541630 160.24738982366677 296
1757462541649 159.62666532665554 297
1757462541661 164.71073222912332 298
1757462541680 164.21786026233926 299
1757462541699 166.48523416478986 300
1757462541719 164.88800974298726 301
1757462541731 165.99391242605654 302
1757462541751 164.01063012778155 303
1757462541767 168.64810566416818 304
1757462541790 165.65236220491735 305
1757462541818 161.64571734751667 306
1757462541838 169.38217505104353 307
1757462541863 163.3238361397931 308
1757462541888 165.63690076561124 309
1757462541904 163.84204023921285 310
1757462541929 160.9327480491691 311
1757462541943 164.2670077815345 312
1757462541976 160.97591783214955 313
1757462542003 166.6916564697147 314
1757462542021 164.60984516254024 315
1757462542034 160.68543102874168 316
1757462542058 158.38089324553658 317
1757462542081 164.20646756508347 318
1757462542093 163.53297089099914 319
1757462542111 167.25495912817735 320
1757462542123 166.19193380113455 321
1757462542136 166.1608797393389 322
1757462542155 164.45655520083068 323
1757462542168 166.30565693512523 324
1757462542184 163.50056404833367 325
1757462542204 166.0903508587851 326
1757462542222 162.23665565759288 327
1757462542237 165.1782307574057 328
1757462542259 164.92486439747452 329
1757462542281 164.89471462137135 330
1757462542300 163.2525087333247 331
1757462542312 166.9523964878282 332
1757462542331 160.75925301266437 333
1757462542344 169.3352441314838 334
1757462542357 163.4722741621349 335
1757462542370 165.88009514729063 336
1757462542383 162.68813807020044 337
1757462542399 159.9039788416775 338
1757462542413 162.96771801618576 339
1757462542432 160.13056483447752 340
1757462542455 162.1252925495802 341
1757462542469 164.26906328754322 342
1757462542489 162.58711824567956 343
1757462542507 158.0421650380669 344
1757462542527 164.58932734135743 345
1757462542546 164.44570223433539 346
1757462542566 164.84718467884514 347
1757462542578 161.8025688255995 348
1757462542600 168.3787154668887 349
1757462542621 170.29683567125588 350
1757462542639 162.56558635499465 351
1757462542659 159.3469047179658 352
1757462542676 163.5768149582941 353
1757462542692 162.6098407689248 354
1757462542706 162.86825449308316 355
1757462542727 172.7905336816583 356
1757462542752 165.16459963713675 357
1757462542771 162.82787305818005 358
1757462542789 162.20779910273336 359
1757462542822 170.97745026206107 360
1757462542842 165.78825428754044 361
1757462542860 166.4083214014733 362
1757462542879 179.22226611871497 363
1757462542899 165.05250132220948 364
1757462542926 164.6383341373425 365
1757462542950 167.31186348982263 366
1757462542964 163.89670268033726 367
1757462542987 162.62605882694277 368
1757462543010 161.58489689918454 369
1757462543029 162.4358478406871 370
1757462543048 164.83670745533288 371
1757462543070 166.98648005477528 372
1757462543100 159.67467420528646 373
1757462543113 160.44754097919747 374
1757462543126 157.72935808246353 375
1757462543142 163.74497720959096 376
1757462543160 169.9447233281257 377
1757462543174 168.34079340797084 378
1757462543206 161.97528980697433 379
1757462543245 161.87732729353786 380
1757462543273 162.4047262406316 381
1757462543290 163.38005847596347 382
1757462543306 164.06615540562848 383
1757462543324 168.48646210967263 384
1757462543354 161.54378450291776 385
1757462543374 161.38015529796422 386
1757462543394 165.66980294935053 387
1757462543415 158.70835953145473 388
1757462543433 160.84917027702485 389
1757462543465 163.37323316646476 390
1757462543485 160.72737892771949 391
1757462543509 161.34533199600452 392
1757462543525 164.34696261159806 393
1757462543555 160.91946250837276 394
1757462543571 161.6298579417433 395
1757462543589 163.32231101440513 396
1757462543614 163.4182077278231 397
1757462543644 158.5177313528813 398
1757462543657 160.23145898900003 399
1757462543677 155.36910413988574 400
1757462543704 156.00172038678562 401
1757462543723 162.75618516767818 402
1757462543754 160.63390153694934 403
1757462543785 157.64499731134845 404
1757462543817 164.35407129457724 405
1757462543831 163.66774283917914 406
1757462543850 164.60528205308808 407
1757462543869 162.7705905203556 408
1757462543891 167.18001313414038 409
1757462543907 159.14012368102837 410
1757462543926 161.28694684256797 411
1757462543949 156.22753924771155 412
1757462543969 161.32054929497752 413
1757462543983 169.77599331435863 414
1757462544001 169.81109131497138 415
1757462544018 159.46632888109613 416
1757462544051 164.0017144677609 417
1757462544073 164.29431933353504 418
1757462544099 161.22616658781433 419
1757462544126 166.51939026953414 420
1757462544143 158.14525302368492 421
1757462544160 168.0490636453158 422
1757462544177 163.27813265316226 423
1757462544192 161.4259311383103 424
1757462544220 164.76569318335808 425
1757462544241 158.82536504188084 426
1757462544257 166.38430408321057 427
1757462544277 166.43155110729595 428
1757462544301 164.48545564404571 429
1757462544345 170.01830385416156 430
1757462544372 167.04712472285502 431
1757462544393 162.48759455092036 432
1757462544415 161.18256717583418 433
1757462544431 162.40177879265508 434
1757462544462 161.19248992504887 435
1757462544486 158.69740859535338 436
1757462544511 161.93080614449616 437
1757462544527 162.12920030094642 438
1757462544545 161.6771580911753 439
1757462544559 164.01777127014506 440
1757462544585 164.3639853529152 441
1757462544613 162.6460970737159 442
1757462544628 164.25944840317075 443
1757462544648 163.02196173269058 444
1757462544669 159.37957122593735 445
1757462544703 164.2674895226802 446
1757462544731 160.61586162056147 447
1757462544752 164.69850327818818 448
1757462544773 162.3122469898083 449
1757462544788 159.1763424702991 450
1757462544809 161.29985250814246 451
1757462544831 161.46041258999597 452
1757462544880 159.32675635389649 453
1757462544906 169.2977180323583 454
1757462544927 162.05981343140758 455
1757462544943 164.65075592167534 456
1757462544966 164.87562388502556 457
1757462544993 161.82246425989106 458
1757462545015 163.61778630308032 459
1757462545042 162.91936841810957 460
1757462545069 164.3556451457457 461
1757462545093 162.23851382785645 462
1757462545115 167.41663895312598 463
1757462545136 162.83466371873465 464
1757462545160 166.48488651794003 465
1757462545181 160.17476315881854 466
1757462545198 196.3288314540357 467
1757462545219 164.93289520944 468
1757462545240 160.46088236632036 469
1757462545266 161.0191994370015 470
1757462545291 158.03661819430252 471
1757462545317 162.69415822163856 472
1757462545337 159.25905522137867 473
1757462545358 160.5218816942392 474
1757462545383 161.71940160376735 475
1757462545406 160.32637235148664 476
1757462545421 162.78276304336543 477
1757462545449 163.88902238385094 478
1757462545475 171.06651978835345 479
1757462545510 161.02186466646066 480
1757462545527 162.8766899435737 481
1757462545554 167.83328478470082 482
1757462545580 164.28994998049103 483
1757462545598 161.7386635356345 484
1757462545622 158.85684628903834 485
1757462545644 165.21236369880438 486
1757462545672 160.25472869462823 487
1757462545693 160.16483968981942 488
1757462545718 158.71512763872255 489
1757462545737 159.51796943347244 490
1757462545759 157.8969361209848 491
1757462545779 160.94175351008943 492
1757462545803 161.1966938803485 493
1757462545832 159.4307764326012 494
1757462545853 157.05180190554233 495
1757462545880 174.47801632977684 496
1757462545933 163.4956571443802 497
1757462545957 159.75251793704956 498
1757462545989 162.24368389027845 499
