1757462546092 168.9536440550025 0
1757462546105 169.3692336064784 1
1757462546112 170.77479134304102 2
1757462546124 165.5419158253629 3
1757462546134 173.33887592446357 4
1757462546141 164.79247516652967 5
1757462546148 165.2318176434333 6
1757462546154 165.89722984975165 7
1757462546161 168.84153609829272 8
1757462546176 167.4284455865694 9
1757462546190 167.54399282865245 10
1757462546204 167.06243220777247 11
1757462546211 167.1762272507663 12
1757462546226 168.42835780823114 13
1757462546247 171.9045927081223 14
1757462546270 166.37913411971275 15
1757462546283 174.62099648627537 16
1757462546295 163.37135962400131 17
1757462546308 168.9989135908694 18
1757462546321 168.25989396590998 19
1757462546332 165.45533188903624 20
1757462546340 169.74339029302195 21
1757462546351 169.3078009199161 22
1757462546360 171.24240677867 23
1757462546369 172.10450299223191 24
1757462546378 171.2027305674745 25
1757462546390 167.42925203098525 26
