1757462756588 201.58633230470952 0
1757462756645 160.41704731194517 1
1757462756698 150.3748098266208 2
1757462756779 175.26099329006846 3
1757462756854 625.8264050760027 4
1757462756894 284.80405987267767 5
1757462756939 147283.1268988889 6
1757462756987 158786.62339431114 7
1757462757044 88090700.20672981 8
1757462757095 3441187928.2370234 9
1757462757152 1001911660730.0803 10
1757462757200 3080715183366.4375 11
1757462757253 829623736465107.1 12
1757462757303 137695442788971.05 13
1757462757344 5.182733203881475e+16 14
1757462757398 7.257029489732136e+18 15
1757462757449 8.521880495397031e+20 16
1757462757499 2.5064395762774245e+20 17
1757462757546 5.446889872226253e+22 18
1757462757599 1.2323548948342311e+21 19
1757462757649 8.706042987772922e+24 20
1757462757697 7.468595449378089e+26 21
1757462757747 1.0636038463608273e+29 22
1757462757801 1.1577200478771993e+28 23
1757462757848 7.38021019301566e+30 24
1757462757885 7.68421658659768e+32 25
1757462757986 5.319954528414004e+33 26
1757462758055 1.579742891866631e+36 27
1757462758100 4.434589388669059e+36 28
1757462758159 4.72198634309163e+38 29
1757462758217 4.261439179271185e+38 30
1757462758259 3.872571633473459e+41 31
1757462758315 1.733867349895161e+43 32
1757462758371 9.247482674793307e+43 33
1757462758411 4.0981883814784387e+46 34
1757462758467 1.8863486569663327e+47 35
1757462758520 8.137613011860556e+49 36
1757462758574 8.819150357517161e+49 37
1757462758611 4.680862213327888e+51 38
1757462758648 6.014728992831238e+51 39
1757462758685 3.314999101785411e+54 40
1757462758744 3.2588319216566995e+57 41
1757462758804 1.591489080754918e+57 42
1757462758859 2.2398362832578367e+60 43
1757462758923 3.0981733116108667e+60 44
1757462758968 2.0855693596484924e+62 45
1757462759023 2.7219559130125206e+63 46
1757462759077 2.772694906361739e+64 47
1757462759140 2.1063034920402103e+67 48
1757462759217 7.471595578913027e+68 49
1757462759285 6.511937964841585e+68 50
1757462759334 3.305861824128249e+70 51
1757462759377 7.109057497362278e+72 52
1757462759423 7.183855080482198e+73 53
1757462759471 2.721377621151533e+74 54
1757462759529 4.247104402479967e+75 55
1757462759596 4.4927638186500884e+77 56
1757462759648 2.4627397403792424e+80 57
1757462759705 1.1248804813360416e+81 58
1757462759776 1.475691874543692e+82 59
1757462759841 2.2717779923377993e+83 60
1757462759900 3.750709929218581e+85 61
1757462759951 2.0291862915894967e+85 62
1757462760030 1.3758394751776013e+88 63
1757462760088 1.158802103483006e+91 64
1757462760134 7.158977964806516e+90 65
1757462760172 1.1750807634332276e+92 66
1757462760226 1.4154121490514999e+94 67
1757462760287 1.1554115929112609e+95 68
1757462760348 1.3819215541132422e+98 69
1757462760467 9.713682443664725e+97 70
1757462760534 1.2221192758124035e+100 71
1757462760577 6.345392228308396e+100 72
1757462760619 5.936289845292771e+102 73
1757462760668 7.490226135319008e+103 74
1757462760735 4.393149585779268e+106 75
1757462760791 6.960665907666685e+107 76
1757462760843 1.0890901012748103e+108 77
1757462760908 1.2724622432813833e+109 78
1757462760958 3.426468796680823e+113 79
1757462761006 1.5838255429154796e+113 80
1757462761062 8.093951813292242e+114 81
1757462761123 5.4717672290473596e+116 82
1757462761176 2.4077073031890203e+117 83
1757462761222 2.8528115923107697e+118 84
1757462761282 9.375973582951802e+119 85
1757462761332 3.1305663300758376e+121 86
1757462761386 2.4249627890889616e+123 87
1757462761441 1.7843736348410665e+123 88
1757462761506 2.7808743047686934e+125 89
1757462761562 2.8743762832362157e+127 90
1757462761626 1.1533095173022002e+130 91
1757462761676 6.099986988186433e+130 92
1757462761735 1.1739203131564359e+132 93
1757462761789 1.3552676551410982e+134 94
1757462761852 9.887177368084162e+134 95
1757462761904 1.0966261006550374e+136 96
1757462761953 2.6862473695264946e+137 97
1757462762005 2.7264794426519415e+140 98
1757462762065 6.08300569338035e+140 99
1757462762115 9.875310473472275e+141 100
1757462762180 5.88847846828631e+142 101
1757462762238 2.5762966283158226e+144 102
1757462762281 4.978977569950945e+146 103
1757462762358 9.064163134846184e+147 104
1757462762408 9.644599359536062e+149 105
1757462762454 3.2172036536023928e+150 106
1757462762506 7.537925373055054e+151 107
1757462762551 1.8359654340998816e+151 108
1757462762605 3.5261299646697833e+155 109
1757462762679 2.163025040813758e+157 110
1757462762732 3.835284595923042e+157 111
1757462762793 1.5783065775802278e+159 112
1757462762845 1.0755055800441322e+161 113
1757462762900 1.5407998115904038e+163 114
1757462762961 1.6000614225420155e+164 115
1757462763016 3.4549129135737947e+165 116
1757462763074 4.894680920711741e+167 117
1757462763134 3.540648547852921e+167 118
1757462763193 6.083187820081971e+169 119
1757462763244 1.3801065297454755e+171 120
1757462763303 4.621340646052256e+171 121
1757462763353 2.9368992417310015e+173 122
1757462763434 2.0898011285376236e+174 123
1757462763490 8.48320792380907e+176 124
1757462763552 5.119966978838041e+178 125
1757462763638 2.83639777870521e+179 126
1757462763697 4.0257037217224905e+181 127
1757462763757 1.3943302310460638e+183 128
1757462763813 4.963687399893113e+184 129
1757462763865 1.9622087646907514e+186 130
1757462763920 1.7486568295533787e+187 131
1757462763985 6.561529374371196e+188 132
1757462764038 1.4921918861112136e+191 133
1757462764091 3.0210680356669746e+191 134
1757462764160 1.6102244892232967e+193 135
1757462764237 5.550783381945987e+192 136
1757462764290 5.532435263965126e+196 137
1757462764356 3.482567040122829e+197 138
1757462764411 2.749392820478591e+199 139
1757462764463 5.403039961100159e+199 140
1757462764527 1.2050288613154229e+202 141
1757462764583 6.257603329160931e+203 142
1757462764631 1.6491672783563148e+205 143
1757462764689 1.52948787442986e+206 144
1757462764767 6.673489762313044e+207 145
1757462764829 1.2835508777483158e+209 146
1757462764887 8.890558365846985e+210 147
1757462764949 5.07529039037977e+212 148
1757462765027 1.7452668217023717e+214 149
1757462765088 2.4484620380151647e+212 150
1757462765143 4.7008134510179215e+216 151
1757462765213 2.6656699798577546e+218 152
1757462765276 2.1054848227219927e+220 153
1757462765328 3.3022953992793823e+220 154
1757462765388 4.916659728152527e+221 155
1757462765441 7.375755378424081e+223 156
1757462765492 2.7305424841113564e+226 157
1757462765548 5.160570186283584e+226 158
1757462765609 9.883206579136649e+227 159
1757462765673 1.6713633730539793e+229 160
1757462765722 2.7138093026224862e+231 161
1757462765776 1.3758133808488626e+233 162
1757462765844 6.766191001358078e+233 163
1757462765904 7.73767603971649e+235 164
1757462765959 2.609060051898937e+237 165
1757462766018 1.6291009990886343e+239 166
1757462766068 1.2438549176372349e+240 167
1757462766145 2.777847477023984e+238 168
1757462766202 2.0216505657702974e+243 169
1757462766259 4.864530556613984e+244 170
1757462766318 1.1073193794375995e+246 171
1757462766381 1.960698633664331e+247 172
1757462766447 5.957302273276585e+248 173
1757462766499 3.745034819400239e+250 174
1757462766555 2.83281830002943e+251 175
1757462766608 7.483334613559406e+253 176
1757462766659 4.3219772616275835e+254 177
1757462766718 5.428370015356182e+254 178
1757462766784 5.379542611452558e+258 179
1757462766872 2.711067536703501e+259 180
1757462766936 1.30017447234623e+260 181
1757462766995 2.541655400355075e+262 182
1757462767064 2.4447875825422237e+263 183
1757462767128 3.121546934958199e+263 184
1757462767190 2.9044258711861555e+265 185
1757462767252 1.4038240568853558e+267 186
1757462767309 6.425094623206248e+268 187
1757462767372 2.5068954291920597e+270 188
1757462767424 1.8086379560572237e+272 189
1757462767485 9.599088862823688e+272 190
1757462767541 8.634126272768907e+274 191
1757462767602 4.351514992284853e+276 192
1757462767652 1.9157453879010215e+278 193
1757462767722 1.3737483765791033e+279 194
1757462767768 7.429332629964268e+280 195
1757462767830 2.7505554198864428e+280 196
1757462767892 4.085307145441586e+280 197
1757462767955 8.994892547108647e+283 198
1757462768012 2.3034478233437808e+286 199
1757462768069 1.2715121229538276e+287 200
1757462768128 1.9167734958328923e+289 201
1757462768211 7.931562724984123e+291 202
1757462768262 3.040888645016264e+292 203
1757462768308 4.7870119676496725e+294 204
1757462768370 1.3078815298293478e+295 205
1757462768434 1.246441007804275e+297 206
1757462768488 1.0150270426086872e+298 207
1757462768538 6.651968312067383e+299 208
1757462768592 3.7631079736091467e+301 209
1757462768650 2.287668381750478e+302 210
1757462768729 2.44851365860705e+304 211
1757462768805 2.542612241078004e+305 212
1757462768856 1.7928492538694732e+307 213
