1757462605493 870166325.7812526 0
1757462605547 3.168807083162855e+19 1
1757462605601 1.3603458181027573e+33 2
1757462605654 1.510974566161231e+43 3
1757462605710 3.7439256390675377e+52 4
1757462605766 3.3210636431291525e+62 5
1757462605827 1.17439372917957e+73 6
1757462605888 1.2978981352963965e+86 7
1757462605942 1.3696284150721383e+94 8
1757462605991 6.333750888319555e+103 9
1757462606051 5.490465571434784e+114 10
1757462606122 3.44804223576778e+123 11
1757462606169 1.1023931019941783e+134 12
1757462606217 2.9378452005170095e+147 13
1757462606260 1.3855624205041554e+157 14
1757462606316 3.9998990318602e+165 15
1757462606363 1.9693651942667956e+175 16
1757462606408 4.776430731226075e+185 17
1757462606459 1.3660042853450177e+198 18
1757462606514 4.364818845902556e+208 19
1757462606562 8.035136911324943e+217 20
1757462606611 1.6010319395911696e+227 21
1757462606670 3.899924578353097e+240 22
1757462606724 3.2536233777468576e+251 23
1757462606774 2.0054463231578733e+260 24
1757462606865 9.420438413387927e+271 25
1757462606918 9.11263107738455e+281 26
1757462606983 5.9225733169937716e+290 27
1757462607042 1.1439261837880246e+302 28
1757462607090 inf 29
1757462607147 inf 30
