1757462907983 173.8735099116559 0
1757462907993 164.71310145588512 1
1757462908006 162.93865531639602 2
1757462908018 165.9466216732486 3
1757462908033 169.8222830647064 4
1757462908054 164.53291565185978 5
1757462908064 166.94780517244587 6
1757462908074 169.78733947753503 7
1757462908098 167.62591676928767 8
1757462908106 171.1816452933083 9
1757462908120 168.38633415388367 10
1757462908152 166.77155302424904 11
1757462908171 166.04067545753134 12
1757462908185 168.46558111189145 13
1757462908198 170.01125028169938 14
1757462908206 164.99639344135971 15
1757462908214 165.55716035061485 16
1757462908229 171.40374692338446 17
1757462908237 159.83876465315987 18
1757462908245 169.63856772481168 19
1757462908253 168.04932624989928 20
1757462908261 169.82897872520928 21
1757462908271 165.71589893179018 22
1757462908280 164.20280975678025 23
1757462908306 162.41932031432057 24
1757462908336 164.76157981618363 25
1757462908349 171.5707788784925 26
1757462908382 169.19775107822772 27
1757462908397 164.30801587814202 28
1757462908420 173.21247233734286 29
1757462908441 166.71107698377256 30
1757462908452 164.46379716883206 31
1757462908474 166.82894078415828 32
1757462908518 170.72622593949328 33
1757462908580 168.055516037582 34
1757462908597 164.12315309097306 35
1757462908609 164.27267632487775 36
1757462908627 171.11651109942898 37
1757462908651 165.78742332345217 38
1757462908700 169.576658329155 39
1757462908717 169.63763517705104 40
1757462908733 164.27351942386073 41
1757462908752 167.62103779472463 42
1757462908764 167.28222537721297 43
1757462908773 161.63582051491636 44
1757462908792 167.89625843618987 45
1757462908810 169.46397369521077 46
1757462908822 164.96856817940755 47
1757462908831 170.20194291900094 48
1757462908839 168.38788309322476 49
1757462908850 166.2207509962773 50
1757462908864 164.67381299178177 51
1757462908875 166.73969939250986 52
1757462908884 171.37122869019973 53
1757462908900 163.6114107711724 54
1757462908916 166.7149078078585 55
1757462908942 167.5280636585543 56
1757462908954 154.4774619374851 57
1757462908969 166.23685269674291 58
1757462908981 167.53795441695038 59
1757462908992 168.1849441446932 60
1757462909008 168.2066148066352 61
1757462909016 171.02670579258637 62
1757462909025 164.96224561020898 63
1757462909047 170.5372128038738 64
1757462909057 160.90390114158564 65
1757462909071 171.5129379165227 66
1757462909087 165.02090325173307 67
1757462909103 171.11682017974383 68
1757462909112 166.97604845711487 69
1757462909125 172.45857354629322 70
1757462909142 166.6325881063463 71
1757462909151 169.24186653950645 72
1757462909172 163.3803377024275 73
1757462909197 166.62107858856407 74
1757462909206 166.93266181554208 75
1757462909215 165.35155904211646 76
1757462909224 167.94108034488377 77
1757462909234 167.64708111520943 78
1757462909246 169.58486225860696 79
1757462909258 172.0343934880654 80
1757462909273 165.5487519058119 81
1757462909286 167.80220144317548 82
1757462909302 165.3339206351711 83
1757462909311 167.8669713788394 84
1757462909320 165.12665207842494 85
1757462909352 170.32217086137493 86
1757462909380 167.26312665944192 87
1757462909402 167.52740709833137 88
1757462909413 170.40125846058925 89
1757462909425 163.4879983091609 90
1757462909443 161.1055648576293 91
1757462909456 163.64252131524415 92
1757462909473 164.89554520749448 93
1757462909491 163.31158983572905 94
1757462909507 168.59343952717515 95
1757462909531 173.11297041274653 96
1757462909557 168.5833168115996 97
1757462909580 165.92671207380837 98
1757462909603 171.3341384239094 99
1757462909642 164.47507227629347 100
1757462909661 161.3309401720453 101
1757462909689 170.17232054637603 102
1757462909718 169.30337878569236 103
1757462909743 170.24891765961237 104
1757462909809 168.17633731301035 105
1757462909834 169.1934446570405 106
1757462909856 165.44415423573895 107
1757462909866 163.7621084849222 108
1757462909879 163.0384261756736 109
1757462909894 163.5755725686827 110
1757462909910 169.62126890022645 111
1757462909921 170.64233485778183 112
1757462909941 166.69485891576315 113
1757462909954 163.19312739170425 114
1757462909967 162.89325958206803 115
1757462909981 164.31006709797782 116
1757462909990 168.84901178066858 117
1757462910008 173.53160374362912 118
1757462910022 168.14105546174792 119
1757462910034 164.95492490890118 120
1757462910045 166.76000799437975 121
1757462910063 169.0785411929863 122
1757462910072 168.4749706333063 123
1757462910084 168.0638088945281 124
1757462910101 166.67719983049662 125
1757462910126 166.22950203495466 126
1757462910136 166.7131256130232 127
1757462910156 169.1624310656264 128
1757462910167 170.16677262187454 129
1757462910187 172.2090860376427 130
1757462910204 171.63840419366807 131
1757462910219 166.385361165247 132
1757462910236 169.2673793084364 133
1757462910259 169.74166134440333 134
1757462910304 159.64618381939724 135
1757462910314 169.9099478772956 136
1757462910324 166.1923750111792 137
1757462910336 160.3702786495782 138
1757462910347 165.35726609464405 139
1757462910372 165.98782170264354 140
1757462910393 162.35889940024194 141
1757462910412 166.46076193970842 142
1757462910423 168.2080511303207 143
1757462910436 170.39221873979798 144
1757462910449 166.24064560884736 145
1757462910460 167.5791888854071 146
1757462910474 165.7259697790317 147
1757462910488 169.1112301307823 148
1757462910498 166.11907883365333 149
1757462910515 171.8714501002617 150
1757462910529 161.879228983961 151
1757462910550 168.60711968112776 152
1757462910567 168.92231243328683 153
1757462910583 185.20864409410854 154
1757462910636 164.19878829497517 155
1757462910658 169.9046480599636 156
1757462910668 170.10953754502782 157
1757462910690 165.30357909694803 158
1757462910709 169.06776022580203 159
1757462910740 166.57554585611504 160
1757462910761 169.8206278934478 161
1757462910771 172.86881973286341 162
1757462910787 166.87460487054955 163
1757462910812 170.73499342170143 164
1757462910832 161.82928975079216 165
1757462910843 162.2724559675976 166
1757462910853 167.92641016361284 167
1757462910864 167.7673062459185 168
1757462910874 169.19941149261393 169
1757462910885 170.74258699033948 170
1757462910900 166.22448128748994 171
1757462910910 164.62346957277288 172
1757462910925 164.62978618618993 173
1757462910938 161.45115524561277 174
1757462910967 169.35644044009697 175
1757462910990 166.5724400195279 176
1757462911001 170.33806574139393 177
1757462911017 164.76531124432205 178
1757462911030 167.32154681570515 179
1757462911044 165.18646545861947 180
1757462911056 161.47979830775418 181
1757462911067 165.95158349674338 182
1757462911078 166.3888906910053 183
1757462911088 161.96937778550975 184
1757462911099 170.18269071588333 185
1757462911117 167.49135492656347 186
1757462911128 164.24839690242212 187
1757462911138 171.00443532719427 188
1757462911149 168.95697839985672 189
1757462911160 169.19032025248663 190
1757462911171 169.54409802110516 191
1757462911182 168.75567954129022 192
1757462911196 170.2916860192381 193
1757462911222 167.26963766736955 194
1757462911234 170.35369257971757 195
1757462911252 165.80444844707566 196
1757462911271 168.10412177862062 197
1757462911291 172.5101285344307 198
1757462911307 160.09022329352018 199
1757462911322 164.50487629442483 200
1757462911341 170.9373477119292 201
1757462911362 164.50512773696823 202
1757462911373 172.12860679165178 203
1757462911384 162.26752126596372 204
1757462911406 160.24688845809993 205
1757462911420 167.0523330407985 206
1757462911433 164.21596869244436 207
1757462911455 169.3530201551386 208
1757462911469 171.62041406592897 209
1757462911481 158.16913365220898 210
1757462911500 167.98838905867674 211
1757462911517 165.77787555533706 212
1757462911529 162.75334309203646 213
1757462911539 166.92441187212935 214
1757462911557 165.10982807057658 215
1757462911569 165.7968757380875 216
1757462911589 163.04364828306473 217
1757462911613 161.45545487605378 218
1757462911645 172.00827267970064 219
1757462911660 170.2604356222161 220
1757462911673 169.3479644443868 221
1757462911702 161.61000342093595 222
1757462911718 173.05305610994048 223
1757462911744 159.65033778359438 224
1757462911758 169.6991112598362 225
1757462911776 161.15143558279618 226
1757462911793 167.24083704392748 227
1757462911807 173.50040585706603 228
1757462911820 164.6699435210227 229
1757462911836 169.04087023271308 230
1757462911854 160.18725578965348 231
1757462911871 164.8433777212405 232
1757462911888 169.9942034106181 233
1757462911899 162.22035663578603 234
1757462911911 181.50615671616634 235
1757462911928 166.0075080657772 236
1757462911944 173.20074368672994 237
1757462911968 167.66268601651515 238
1757462912009 164.76350737457216 239
1757462912034 169.10182544471053 240
1757462912053 167.49501612253442 241
1757462912072 169.9708546187598 242
1757462912090 166.6001722445716 243
1757462912110 169.4339913760566 244
1757462912125 169.92231134631922 245
1757462912139 168.56886197799105 246
1757462912167 166.93303793952438 247
1757462912196 167.91052174373664 248
1757462912210 162.79327936223325 249
1757462912227 169.6006690349759 250
1757462912243 159.4920646956229 251
1757462912261 170.38497337568592 252
1757462912279 162.34787554051903 253
1757462912299 163.1885264166897 254
1757462912318 165.84412653986533 255
1757462912331 169.39356107772818 256
1757462912343 164.39300673209107 257
1757462912369 166.83268577440072 258
1757462912382 169.7219229707595 259
1757462912400 167.8449818626313 260
1757462912421 162.76091813165087 261
1757462912438 175.50613760820104 262
1757462912462 169.2438785552442 263
1757462912477 172.64140688342817 264
1757462912500 167.13675595797318 265
1757462912513 169.06683211507257 266
1757462912528 168.49835244148 267
1757462912547 166.59541135288265 268
1757462912565 166.81486212332229 269
1757462912578 170.86694018476615 270
1757462912592 170.88337769097888 271
1757462912610 173.7846413619727 272
1757462912628 169.25461490054255 273
1757462912651 164.9550758682475 274
1757462912664 167.2330280785544 275
1757462912681 168.72579262932734 276
1757462912714 165.393189586871 277
1757462912734 164.06668298964826 278
1757462912753 166.15718659693314 279
1757462912768 167.22264688086415 280
1757462912783 169.90757541687003 281
1757462912806 171.14986120292033 282
1757462912821 163.94725318907138 283
1757462912839 166.03848445969626 284
1757462912865 166.08265120219815 285
1757462912882 164.2544415172818 286
1757462912913 169.49721074473274 287
1757462912926 162.2772727896842 288
1757462912950 168.50006256104655 289
1757462912970 169.6728210384366 290
1757462912984 169.259191643957 291
1757462913003 167.71829941955545 292
1757462913017 157.38617475429794 293
1757462913052 167.3734392185965 294
1757462913071 164.59118877963544 295
1757462913091 171.6742081426682 296
1757462913111 162.29574372243553 297
1757462913124 166.13669114248242 298
1757462913138 158.36496744272327 299
1757462913164 165.74278449043655 300
1757462913177 164.5093503852939 301
1757462913201 166.22757691506519 302
1757462913234 164.73632081952522 303
1757462913253 164.68233856614523 304
1757462913268 168.78500250023498 305
1757462913287 159.91515828838223 306
1757462913308 170.59066180487443 307
1757462913327 165.02168022239394 308
1757462913369 170.9419821233554 309
1757462913404 169.41980246222545 310
1757462913429 160.36531962917977 311
1757462913459 165.64381909996004 312
1757462913505 162.53528543341255 313
1757462913551 166.79198949729852 314
1757462913572 163.62270755690375 315
1757462913673 168.50093393589754 316
1757462913688 169.69985238327445 317
1757462913706 169.23700359778013 318
1757462913732 157.80271964834537 319
1757462913748 155.5878007544482 320
1757462913768 168.16180750652092 321
1757462913788 165.52868935046925 322
1757462913804 167.00824160997112 323
1757462913820 162.88607392757916 324
1757462913839 160.83422873741907 325
1757462913867 164.77505631680438 326
1757462913892 186.67286720669784 327
1757462913914 163.98136470081386 328
1757462913951 165.44225654103772 329
1757462913997 161.85164169910183 330
1757462914061 165.71539405436758 331
1757462914096 168.72446677695478 332
1757462914132 168.13700652738044 333
1757462914169 168.6265841226475 334
1757462914201 167.66610654371686 335
1757462914229 169.50539449108607 336
1757462914255 172.11959002320165 337
1757462914283 168.4994817273203 338
1757462914309 170.1312708417094 339
1757462914337 163.2768026937387 340
1757462914357 165.75612329724083 341
1757462914383 167.6130333924404 342
1757462914405 167.9187615138025 343
1757462914436 167.07959744046343 344
1757462914467 161.69839428829522 345
1757462914503 164.1170522703936 346
1757462914533 166.00985254133707 347
1757462914556 159.25010919163665 348
1757462914583 167.22754185983953 349
1757462914613 167.29455560386728 350
1757462914643 163.8687318651909 351
1757462914664 168.72625420946704 352
1757462914701 166.12148591954013 353
1757462914732 164.27556156832955 354
1757462914746 170.96949848381578 355
1757462914766 168.86599460009165 356
1757462914791 163.51036123654202 357
1757462914812 167.14958886720638 358
1757462914834 165.98350873906284 359
1757462914857 169.08626738046982 360
1757462914880 175.0857563486064 361
1757462914908 168.6243936051047 362
1757462914925 163.28756630143604 363
1757462914950 175.12922750933464 364
1757462914973 165.02038882600903 365
1757462915019 163.54694448358063 366
1757462915041 165.7154285401014 367
1757462915070 163.1968097188196 368
1757462915095 170.25823257627718 369
1757462915113 165.04431855903286 370
1757462915132 162.04428636358517 371
1757462915151 172.4071784705347 372
1757462915199 169.24378771814403 373
1757462915214 167.0868079545453 374
1757462915252 169.81593171693345 375
1757462915290 170.9399631806147 376
1757462915314 174.57393678839497 377
1757462915334 168.4482853726259 378
1757462915354 161.37661715341363 379
1757462915384 165.23309454796853 380
1757462915400 169.83096916434445 381
1757462915416 162.10515027660594 382
1757462915444 170.09052702960707 383
1757462915468 164.70210811095393 384
1757462915483 167.86482469231356 385
1757462915498 165.10189074032192 386
1757462915531 170.48096673751624 387
1757462915546 169.82654366358184 388
1757462915561 168.84278315505833 389
1757462915578 172.191212246015 390
1757462915593 168.27374377026436 391
1757462915615 164.96787951017498 392
1757462915648 160.78394247420687 393
1757462915672 165.12224290017878 394
1757462915695 160.82312831538832 395
1757462915715 163.86011264563146 396
1757462915732 159.76618906080148 397
1757462915754 165.57821296273423 398
1757462915791 171.2044101920191 399
1757462915808 165.81936772026165 400
1757462915824 167.30976845167038 401
1757462915840 166.39467528355374 402
1757462915856 169.96277887871761 403
1757462915879 162.2897747030229 404
1757462915900 164.52616533290853 405
1757462915926 163.6885665030067 406
1757462915951 167.90692734908023 407
1757462915971 162.1849308976043 408
1757462915987 166.2313286101174 409
1757462916007 166.55067885277728 410
1757462916036 168.76753313257817 411
1757462916064 162.51098236571224 412
1757462916091 163.7545263454793 413
1757462916115 164.2256677572074 414
1757462916139 166.04692433182882 415
1757462916166 164.81072273943474 416
1757462916196 165.29706886773974 417
1757462916216 166.6457959657321 418
1757462916239 165.07025560096875 419
1757462916259 164.51496911501653 420
1757462916289 168.76315808893153 421
1757462916317 161.65857159968766 422
1757462916338 163.3937036086308 423
1757462916366 168.70012528039993 424
1757462916385 168.38770511426716 425
1757462916408 155.13155480658514 426
1757462916427 162.79838169359968 427
1757462916450 164.36325034519712 428
1757462916472 164.87904111323212 429
1757462916495 170.12596457376043 430
1757462916530 168.00142164602053 431
1757462916551 161.8234040845064 432
1757462916578 164.10810482477805 433
1757462916615 162.9053355765047 434
1757462916640 174.53275595856388 435
1757462916659 164.80848864125903 436
1757462916688 162.2823787363861 437
1757462916711 169.49208589455532 438
1757462916733 160.18853581056806 439
1757462916756 169.78944651696014 440
1757462916786 162.8203732522833 441
1757462916811 159.7295466417405 442
1757462916839 162.2266867319417 443
1757462916864 164.76345658961273 444
1757462916880 163.64737399997077 445
1757462916909 169.47103929938714 446
1757462916932 163.7192761214765 447
1757462916948 169.22971644199308 448
1757462916970 174.33278317457072 449
1757462916993 163.261313762633 450
1757462917016 168.24078244377176 451
1757462917042 164.90370177827424 452
1757462917066 169.4846727962884 453
1757462917091 160.4287023381746 454
1757462917109 168.27691986696584 455
1757462917132 160.33167041720046 456
1757462917151 167.07563366561587 457
1757462917183 170.81843800356512 458
1757462917200 165.110664143624 459
1757462917221 161.99081169717815 460
1757462917239 164.56174249951752 461
1757462917266 164.90965130745028 462
1757462917291 170.02009363215072 463
1757462917321 165.69720427946535 464
1757462917343 170.56884995501082 465
1757462917383 167.65854855021706 466
1757462917400 169.3794073926565 467
1757462917440 164.7714667531917 468
1757462917478 167.41802274406828 469
1757462917496 160.93281069852262 470
1757462917518 163.54646058627884 471
1757462917536 165.6392593913208 472
1757462917577 169.45496048709754 473
1757462917609 163.5770583436753 474
1757462917638 169.15935081884692 475
1757462917668 163.7861644205858 476
1757462917697 170.41164712649672 477
1757462917723 166.888630959798 478
1757462917748 169.25923505566237 479
1757462917782 162.89685068492716 480
1757462917798 170.1563022888744 481
1757462917834 164.6919728447664 482
1757462917855 168.8534098230781 483
1757462917876 159.91629154222844 484
1757462917903 166.4248240744804 485
1757462917920 165.87509670930936 486
1757462917940 159.91685844871395 487
1757462917962 167.63846672970152 488
1757462917985 163.43653914727312 489
1757462918010 167.93387294721728 490
1757462918038 158.7272666669888 491
1757462918061 165.03506844876753 492
1757462918084 169.75237581150014 493
1757462918107 166.80713803197884 494
1757462918123 169.94750923924005 495
1757462918156 166.78732579883936 496
1757462918174 168.2707617190482 497
1757462918209 167.1214677408339 498
1757462918234 167.04643024030997 499
