1757462573137 172.83414555210751 0
1757462573147 166.18893658622335 1
1757462573156 171.07587602921492 2
1757462573170 168.53418349154566 3
1757462573187 169.35105961681535 4
1757462573197 163.25131338991932 5
1757462573205 170.24947273789968 6
1757462573216 167.81861635509614 7
1757462573223 168.9820163905595 8
1757462573233 169.4460373246881 9
1757462573242 171.65755243126907 10
1757462573255 172.94885855090087 11
1757462573268 171.45224779902045 12
1757462573275 162.4846849448936 13
1757462573282 164.76128509234604 14
1757462573290 169.10138319457897 15
1757462573300 165.4962521839039 16
1757462573310 161.8794720153799 17
1757462573324 166.4072150978111 18
1757462573339 166.00817801936802 19
1757462573352 171.38165664715441 20
1757462573361 169.6434194093106 21
1757462573370 169.06410748800872 22
1757462573384 165.92081521882884 23
1757462573402 171.19259320875273 24
1757462573420 166.11551505959306 25
1757462573431 169.59429720709701 26
1757462573441 167.1350436034027 27
1757462573456 171.43781218911448 28
1757462573471 166.31015888401038 29
1757462573481 168.49911458001495 30
1757462573489 169.16300589708794 31
1757462573497 164.24434471575694 32
1757462573504 171.95915477134236 33
1757462573512 171.07484798466015 34
1757462573520 161.33548413005107 35
1757462573533 165.36683972952426 36
1757462573550 169.2471584520137 37
1757462573557 173.2031329824454 38
1757462573566 166.7245948875706 39
1757462573574 169.09203055150124 40
1757462573585 165.27878458750905 41
1757462573609 171.03030290671026 42
1757462573621 169.50909087553026 43
1757462573628 166.6173549442447 44
1757462573637 166.28001437504363 45
1757462573644 166.3526776809633 46
1757462573652 163.8267427856887 47
1757462573659 170.4419679640342 48
1757462573667 172.63363263607027 49
1757462573675 164.59221980324386 50
1757462573686 175.11039316808024 51
1757462573696 171.8265547769739 52
1757462573706 166.43261834798636 53
1757462573718 167.16082120324904 54
1757462573727 171.38837175542196 55
1757462573739 171.90062756637505 56
1757462573750 166.65349331896456 57
1757462573761 169.15232241734944 58
1757462573768 169.2579629219071 59
1757462573776 168.30078840969517 60
1757462573785 167.67759694311425 61
1757462573792 170.1774231323337 62
1757462573807 172.2433308843674 63
1757462573827 168.5028898820075 64
1757462573838 172.53505566451886 65
1757462573853 170.67847674368804 66
1757462573873 168.95665550460532 67
1757462573888 163.21240534869509 68
1757462573915 171.33510667381452 69
1757462573927 168.8003364813 70
1757462573943 170.75260038974545 71
1757462573952 162.18584351106327 72
1757462573964 164.72098409072825 73
1757462573987 167.50892767011203 74
1757462573995 171.11976562514036 75
1757462574012 166.724336543081 76
1757462574021 169.2781749782397 77
1757462574035 160.32309806978435 78
1757462574052 175.9243120562895 79
1757462574062 164.13878143535115 80
1757462574074 181.53490341345326 81
1757462574093 165.8787441743061 82
1757462574101 163.43354876650832 83
1757462574110 163.81099992479278 84
1757462574124 168.84058701789039 85
1757462574132 172.27351267952102 86
1757462574147 166.00889093950394 87
1757462574155 170.1331477880652 88
1757462574165 161.62548110653813 89
1757462574188 170.71598313146416 90
1757462574210 178.83529393472426 91
1757462574225 162.41641020218177 92
1757462574236 172.4678425297759 93
1757462574244 169.21568449532307 94
1757462574259 159.56267976018788 95
1757462574271 171.40860614228714 96
1757462574284 166.2213287830281 97
1757462574293 170.00781991379066 98
1757462574309 163.9447017412892 99
1757462574327 159.89834010622667 100
1757462574357 167.89234491253498 101
1757462574370 164.3771540434578 102
1757462574386 168.55043631496815 103
1757462574394 169.48286061000823 104
1757462574410 165.25027022898425 105
1757462574422 177.75778361450085 106
1757462574433 166.363391440519 107
1757462574446 170.22308519023144 108
1757462574463 168.26837851196845 109
1757462574475 169.86497127847628 110
1757462574492 170.54539500744303 111
1757462574509 168.0551045884803 112
1757462574517 166.49624842316663 113
1757462574526 164.49789387874117 114
1757462574543 162.3003523164681 115
1757462574558 159.1802577645857 116
1757462574576 165.54725769673115 117
1757462574599 168.2112429655359 118
1757462574613 169.5650906699743 119
1757462574631 174.34598019131792 120
1757462574654 168.9959317487529 121
1757462574663 163.27308987761086 122
1757462574678 166.79681540307132 123
1757462574696 165.77690750210718 124
1757462574710 163.81756321083358 125
1757462574740 168.5830576421614 126
1757462574749 167.86055531992733 127
1757462574764 175.70055482470366 128
1757462574772 166.44796692995013 129
1757462574789 161.86242215408674 130
1757462574800 162.9163325828413 131
1757462574819 169.38536044536835 132
1757462574831 166.81957457807982 133
1757462574853 166.4681361994391 134
1757462574871 168.8528116007606 135
1757462574889 170.6630243014051 136
1757462574906 171.03086323166525 137
1757462574920 165.969842382822 138
1757462574932 168.20134060747063 139
1757462574948 171.18642806501654 140
1757462574960 165.81634666547905 141
1757462574972 171.6963888381877 142
1757462574990 170.80222098186607 143
1757462574999 168.61862356143155 144
1757462575011 165.77744595027735 145
1757462575030 170.82716400526007 146
1757462575038 169.16279051565922 147
1757462575050 163.0586408667722 148
1757462575065 172.96569044036295 149
1757462575080 159.33605567870305 150
1757462575094 166.65019131450924 151
1757462575108 172.3497587401164 152
1757462575121 167.53771277068276 153
1757462575132 174.1328701339207 154
1757462575144 162.2948849733855 155
1757462575163 165.1708364366558 156
1757462575174 173.9441909177638 157
1757462575188 161.55332222580694 158
1757462575200 165.3522033414232 159
1757462575221 169.48688293251791 160
1757462575236 169.0922202111899 161
1757462575254 167.20734811089105 162
1757462575267 167.49441514906607 163
1757462575288 172.85724476585543 164
1757462575298 165.49444034727193 165
1757462575315 169.33953719988665 166
1757462575324 166.42993173116105 167
1757462575339 164.84559588344794 168
1757462575359 165.59839906117656 169
1757462575382 172.96453349246653 170
1757462575399 163.4016074608631 171
1757462575426 167.66728944855424 172
1757462575440 163.1568247961721 173
1757462575457 166.35819549277298 174
1757462575472 171.20472192725146 175
1757462575485 171.93555348323076 176
1757462575494 169.51056525206636 177
1757462575505 170.40418402401798 178
1757462575524 164.58307038117644 179
1757462575538 165.91125798345638 180
1757462575548 169.10966372061915 181
1757462575558 169.52940256047168 182
1757462575581 167.94220190660081 183
1757462575590 166.29128178880515 184
1757462575611 163.6551295380361 185
1757462575627 166.83565748628462 186
1757462575637 168.6179672772229 187
1757462575650 167.54662594946583 188
1757462575660 176.15443086417602 189
1757462575670 165.89115610706097 190
1757462575687 167.58502196943607 191
1757462575699 176.1332379596023 192
1757462575711 166.0437053543345 193
1757462575732 174.7708630525132 194
1757462575747 165.47642887478025 195
1757462575765 164.46120020750374 196
1757462575781 171.1317424869457 197
1757462575791 167.33838851812874 198
1757462575801 171.18486715857347 199
1757462575812 162.2794779160387 200
1757462575825 167.41255668404625 201
1757462575836 164.20270450029685 202
1757462575848 170.29552443930575 203
1757462575863 165.46248249273773 204
1757462575881 165.228725294948 205
1757462575902 167.6456399965506 206
1757462575916 161.59382487457182 207
1757462575939 165.53443023684375 208
1757462575960 171.02294510797475 209
1757462575982 172.01667667677125 210
1757462576005 167.51643007096206 211
1757462576021 164.011247576361 212
1757462576033 159.14000008616023 213
1757462576043 171.54350539169977 214
1757462576054 170.44951008250462 215
1757462576070 169.8360623666536 216
1757462576084 162.0161328712263 217
1757462576110 164.7530175147976 218
1757462576125 168.54009601078255 219
1757462576145 171.2110874550681 220
1757462576161 163.21467034772022 221
1757462576184 168.2163900366924 222
1757462576217 174.63693621429 223
1757462576238 161.60461204947663 224
1757462576248 165.63564636162567 225
1757462576267 165.5013020167205 226
1757462576295 162.61064557920974 227
1757462576311 162.8847353027526 228
1757462576341 168.48808745677653 229
1757462576352 170.12210044311757 230
1757462576363 171.0123554803289 231
1757462576376 167.28127441298955 232
1757462576394 166.83447185648527 233
1757462576407 168.89280211500093 234
1757462576422 167.5210128305792 235
1757462576437 168.0617599545495 236
1757462576457 168.49392927045727 237
1757462576469 164.46520191357192 238
1757462576480 166.73950599775281 239
1757462576497 166.31516413269713 240
1757462576513 163.73227694287974 241
1757462576536 167.29029480433525 242
1757462576553 164.68941255954746 243
1757462576570 166.83575085070692 244
1757462576586 167.6715703454347 245
1757462576604 165.49102187857866 246
1757462576616 162.82682612327451 247
1757462576627 163.04334398201834 248
1757462576646 157.66414815702703 249
1757462576664 162.70642876009148 250
1757462576675 169.76119890198487 251
1757462576727 166.36326901462726 252
1757462576742 163.57873668558227 253
1757462576759 167.94198379235547 254
1757462576775 165.62459755188448 255
1757462576787 175.75610218260428 256
1757462576802 160.14054320104822 257
1757462576822 164.02028468373024 258
1757462576849 167.1497706295104 259
1757462576859 170.94285135411138 260
1757462576876 164.08625230908223 261
1757462576894 162.8976553036795 262
1757462576917 164.32081272407748 263
1757462576941 164.37820787717135 264
1757462576966 168.12081549737067 265
1757462576985 167.5341860437889 266
1757462577002 162.7870410624655 267
1757462577022 168.86067888257307 268
1757462577037 166.05711982703906 269
1757462577055 164.3134601392145 270
1757462577093 166.80934130336263 271
1757462577107 172.41737041597352 272
1757462577123 167.2830853810599 273
1757462577141 164.77375981155345 274
1757462577158 168.21652573450504 275
1757462577176 163.76193290894452 276
1757462577202 167.25927040648494 277
1757462577216 162.9704515491905 278
1757462577236 165.41261808321138 279
1757462577249 167.07479787731066 280
1757462577265 163.6916757658387 281
1757462577294 167.72269613656277 282
1757462577310 165.66494151773594 283
1757462577328 172.66301541112182 284
1757462577355 168.47706013231087 285
1757462577371 183.02537055488392 286
1757462577393 168.263610601158 287
1757462577404 168.3893888876554 288
1757462577424 172.16392824130435 289
1757462577446 167.60589915746598 290
1757462577466 162.0566818000913 291
1757462577480 164.3096280788111 292
1757462577499 168.93317918893834 293
1757462577511 158.63575116146805 294
1757462577542 169.53044925919056 295
1757462577554 169.7969356399081 296
1757462577569 164.07679918785485 297
1757462577586 164.69801863855298 298
1757462577600 164.4460237210441 299
1757462577618 171.515711637803 300
1757462577632 157.61168435654525 301
1757462577650 163.38018235607356 302
1757462577662 168.49337370013777 303
1757462577675 171.31969368765485 304
1757462577693 164.87131546804906 305
1757462577706 164.47864147140695 306
1757462577724 168.16818099500367 307
1757462577740 167.50604467228132 308
1757462577762 162.4092452473533 309
1757462577773 173.91628489301496 310
1757462577788 173.50974387183965 311
1757462577807 167.38629851111315 312
1757462577820 165.08068007348126 313
1757462577832 170.3061865352101 314
1757462577845 168.13965467767852 315
1757462577860 161.95516391804838 316
1757462577873 165.64029656157547 317
1757462577885 163.01512554204635 318
1757462577900 166.91560195704392 319
1757462577916 163.32722538159035 320
1757462577934 170.48462793706346 321
1757462577950 170.83259362766995 322
1757462577963 166.66707987818103 323
1757462577981 169.5550506382609 324
1757462577994 167.48496775505805 325
1757462578012 160.07577899239803 326
1757462578029 167.00837473282425 327
1757462578042 169.80943712224942 328
1757462578063 169.32234809403118 329
1757462578082 162.93840123664555 330
1757462578094 175.0933475431255 331
1757462578119 166.08214482388095 332
1757462578140 167.23209970927934 333
1757462578155 165.14964628723857 334
1757462578173 172.6620268736539 335
1757462578187 163.61849307553396 336
1757462578203 163.52348102043476 337
1757462578221 166.50849577787838 338
1757462578236 159.84633854193675 339
1757462578256 161.09450145608147 340
1757462578273 167.64646340783045 341
1757462578285 169.29863314730446 342
1757462578299 174.3451490967699 343
1757462578311 165.88395799594622 344
1757462578325 165.18809224260613 345
1757462578349 164.5011094537344 346
1757462578375 163.6489883744424 347
1757462578406 166.56339566312403 348
1757462578434 166.47212825219427 349
1757462578449 169.2588534849937 350
1757462578462 164.38903398959826 351
1757462578482 165.8742532062301 352
1757462578506 169.5636337219465 353
1757462578519 166.68403567696853 354
1757462578532 165.14122942023977 355
1757462578553 171.13275653779476 356
1757462578574 163.074072408339 357
1757462578587 165.3975863663409 358
1757462578604 169.29071168083414 359
1757462578626 160.68455213413498 360
1757462578646 168.82239528490638 361
1757462578661 164.3579949016697 362
1757462578676 170.55472671993192 363
1757462578697 161.15534604846053 364
1757462578716 171.72433846545158 365
1757462578748 168.70290723190374 366
1757462578768 168.38005981947245 367
1757462578786 171.10861286278512 368
1757462578801 167.49030301944597 369
1757462578824 170.40088797085733 370
1757462578845 170.1145294134938 371
1757462578871 159.5114314901962 372
1757462578885 173.233291149662 373
1757462578906 172.20158792860633 374
1757462578928 166.2440064475205 375
1757462578951 168.80562406152745 376
1757462578973 161.54618693164988 377
1757462579002 163.64786572958778 378
1757462579016 163.9938525614649 379
1757462579038 161.57599654007188 380
1757462579052 170.64103210119356 381
1757462579072 167.92178295898026 382
1757462579092 171.62181070895747 383
1757462579106 164.5903036873204 384
1757462579121 167.55615461969225 385
1757462579136 166.1255119947314 386
1757462579151 163.41683047036233 387
1757462579166 169.46572312675715 388
1757462579185 164.31236170179594 389
1757462579199 160.76702148244632 390
1757462579217 166.99068409750996 391
1757462579233 168.34391585046635 392
1757462579256 169.35495530248835 393
1757462579272 164.51948961231594 394
1757462579290 163.06381597090845 395
1757462579310 162.48301213699605 396
1757462579330 166.01376344409044 397
1757462579344 165.27697108362733 398
1757462579364 160.8377795768116 399
1757462579383 167.92747316298295 400
1757462579404 164.597734080187 401
1757462579432 171.20118767871958 402
1757462579461 160.02583021531782 403
1757462579489 166.32495408906098 404
1757462579504 165.75024311360923 405
1757462579531 169.56008645692583 406
1757462579562 164.33605246939197 407
1757462579587 167.28102063031392 408
1757462579610 161.85733326479837 409
1757462579630 166.41374105523926 410
1757462579648 163.16004464054828 411
1757462579667 167.0448238092651 412
1757462579687 164.9063743840698 413
1757462579713 163.00450840447994 414
1757462579728 166.93064948062184 415
1757462579752 161.4502697592532 416
1757462579777 167.13346973472693 417
1757462579802 165.3324458140977 418
1757462579822 166.02715642602288 419
1757462579847 165.2156828467951 420
1757462579866 162.36613728388642 421
1757462579887 156.66540997620328 422
1757462579908 165.0081331536576 423
1757462579934 164.64113832419642 424
1757462579950 161.74348983581768 425
1757462579968 166.99325255916898 426
1757462579990 162.68468028221736 427
1757462580007 164.224017061494 428
1757462580039 164.46847682567028 429
1757462580065 165.4037976269719 430
1757462580082 167.36260272435408 431
1757462580102 163.44903027079582 432
1757462580125 165.39034228352236 433
1757462580148 171.63627320826868 434
1757462580176 178.1446280253152 435
1757462580200 165.04570483504259 436
1757462580231 167.72212166251873 437
1757462580262 168.53720151140564 438
1757462580277 162.76739425181805 439
1757462580292 164.02372431973578 440
1757462580307 166.1290721345109 441
1757462580324 161.7242395132865 442
1757462580341 167.6459328793264 443
1757462580360 165.8337024234325 444
1757462580391 157.51751496243085 445
1757462580422 169.9592650237021 446
1757462580437 168.41211729242116 447
1757462580466 162.16028813902847 448
1757462580487 170.55101387306794 449
1757462580519 168.36674614294958 450
1757462580542 161.82482203339663 451
1757462580567 162.80586444113922 452
1757462580592 162.7487781089176 453
1757462580611 170.15448329330266 454
1757462580635 166.06234971562256 455
1757462580659 163.1484229774978 456
1757462580677 168.7251374100721 457
1757462580699 160.63103317269253 458
1757462580719 165.7487916082917 459
1757462580748 160.61826933838068 460
1757462580766 167.22343781098596 461
1757462580785 167.73051859599707 462
1757462581231 163.2237945582807 463
1757462581255 165.42373478593686 464
1757462581279 163.2338592461587 465
1757462581299 169.82134419573558 466
1757462581320 166.05921456444872 467
1757462581346 167.43835127714755 468
1757462581361 164.10304780074296 469
1757462581377 172.07501150441553 470
1757462581395 162.13431176065015 471
1757462581414 169.80386114168593 472
1757462581443 162.47927544980038 473
1757462581459 173.01983758754153 474
1757462581490 165.7599908988817 475
1757462581505 168.00968900557237 476
1757462581520 164.8006405546562 477
1757462581553 163.95731456050635 478
1757462581572 162.57859621762606 479
1757462581602 165.05923480596604 480
1757462581641 166.438131495688 481
1757462581659 162.7105260195281 482
1757462581690 165.4588527937206 483
1757462581713 167.69549316310417 484
1757462581738 165.81654273736956 485
1757462581762 160.57993224729316 486
1757462581784 169.19275007747478 487
1757462581817 168.44828879553663 488
1757462581842 164.8847381385012 489
1757462581858 167.28363380879574 490
1757462581874 166.58276087756374 491
1757462581902 164.84525312526023 492
1757462581923 165.16845887762324 493
1757462581942 164.68741715507318 494
1757462581962 165.93705592099155 495
1757462581990 167.92823213335515 496
1757462582013 173.52485859988823 497
1757462582035 168.1465897209869 498
1757462582060 168.1269351099374 499
