1757462508434 170.7651471428539 0
1757462508449 166.27828906647989 1
1757462508455 167.51911156161884 2
1757462508462 173.47465359721213 3
1757462508471 166.76899102141525 4
1757462508478 161.6380425308416 5
1757462508485 170.76155485214386 6
1757462508491 161.9612940102378 7
1757462508499 168.11240142706345 8
1757462508515 164.016791512406 9
1757462508524 165.38651982996 10
1757462508530 163.92444101806907 11
1757462508546 162.9933409496851 12
1757462508553 166.33078714768703 13
1757462508560 167.79700009657236 14
1757462508573 167.47997645926768 15
1757462508583 168.9309147968141 16
1757462508590 165.3817624715613 17
1757462508609 168.27488532262083 18
1757462508625 164.39409665097162 19
1757462508640 170.8244746951017 20
1757462508652 166.46140653489437 21
1757462508674 168.81106938319436 22
1757462508688 172.410719859923 23
1757462508695 167.7253663570379 24
1757462508717 166.49735742066616 25
1757462508727 164.78549096954833 26
1757462508734 160.1895663655745 27
1757462508747 163.5212330970681 28
1757462508761 170.02642872522574 29
1757462508768 169.13105759342963 30
1757462508775 170.09925545987454 31
1757462508784 171.43510939261486 32
1757462508798 167.07984711064643 33
1757462508806 164.79578178741676 34
1757462508815 167.54348030156507 35
1757462508822 170.00468185684747 36
1757462508833 162.4461925693158 37
1757462508840 164.31596862721543 38
1757462508849 170.06774921120612 39
1757462508864 163.42153010905662 40
1757462508890 170.48793308787145 41
1757462508916 163.20201361507785 42
1757462508924 171.77667405032278 43
1757462508949 172.03115168172783 44
1757462508959 170.25199578112534 45
1757462508969 163.82340805593552 46
1757462508980 171.5126601491022 47
1757462508987 169.98572952242225 48
1757462508997 164.85495781868198 49
1757462509005 165.17805462444366 50
1757462509013 168.54870450017225 51
1757462509023 163.936727734059 52
1757462509037 166.92696604327028 53
1757462509050 165.01690906556428 54
1757462509057 165.39746252950135 55
1757462509076 162.87447282673733 56
1757462509086 162.11252254809298 57
1757462509098 159.69648848415613 58
1757462509110 162.389631290583 59
1757462509124 166.4270960579187 60
1757462509148 164.51428324014302 61
1757462509160 169.2194499917326 62
1757462509168 164.84094051942114 63
1757462509183 160.7383181792778 64
1757462509192 170.14414285999877 65
1757462509218 166.46871381460798 66
1757462509227 167.12091622001392 67
1757462509243 165.63820407941625 68
1757462509263 159.5116338038102 69
1757462509295 162.63401435328177 70
1757462509308 168.43171562136845 71
1757462509319 162.87162853077706 72
1757462509329 168.8777120524814 73
1757462509339 159.5062261908403 74
1757462509351 176.48950894720505 75
1757462509381 164.50275448113996 76
1757462509393 170.09100281357448 77
1757462509425 168.76744870326732 78
1757462509436 159.87185896666344 79
1757462509445 172.69488242445294 80
1757462509453 163.16230007646487 81
1757462509465 164.98964545350188 82
1757462509473 167.83611734290767 83
1757462509482 165.83036656081237 84
1757462509493 176.71332283656923 85
1757462509509 166.67145526264414 86
1757462509518 168.96018639338646 87
1757462509538 163.6024603525593 88
1757462509551 166.56181454990764 89
1757462509558 158.60707538219216 90
1757462509576 165.90073398404306 91
1757462509585 173.4906609131203 92
1757462509593 164.2122160693255 93
1757462509603 159.82250266781404 94
1757462509618 164.09282779082312 95
1757462509659 159.6104217445241 96
1757462509668 162.96137317656968 97
1757462509683 159.0934165351711 98
1757462509691 164.41401384957467 99
1757462509699 161.46879065749815 100
1757462509724 162.30890767227035 101
1757462509742 170.23919822682763 102
1757462509758 171.2990267131578 103
1757462509773 169.67129501354094 104
1757462509785 163.87446646040684 105
1757462509800 159.71930007600673 106
1757462509810 165.11442619125228 107
1757462509826 167.5008699964857 108
1757462509837 164.79253577134898 109
1757462509856 161.19060499963607 110
1757462509870 162.67836731779497 111
1757462509879 196.2962583142393 112
1757462509887 153.83069208882614 113
1757462509896 164.19413965245778 114
1757462509905 169.19255169859 115
1757462509918 169.13474600795487 116
1757462509931 161.81472196124633 117
1757462509948 164.29033790723005 118
1757462509969 161.09442517381103 119
1757462509980 166.64584066003783 120
1757462509996 152.1577726723281 121
1757462510004 163.5979348530479 122
1757462510015 163.99789966462592 123
1757462510028 162.92702685291613 124
1757462510053 167.0508346299924 125
1757462510067 162.42629872295527 126
1757462510076 159.1414635311241 127
1757462510091 163.31837164408498 128
1757462510102 165.9149854992631 129
1757462510117 165.4640372953184 130
1757462510131 161.93704100767872 131
1757462510156 162.1466157843398 132
1757462510178 163.75780984821523 133
1757462510187 165.13471729866848 134
1757462510195 166.74413852513078 135
1757462510204 168.87311572204672 136
1757462510217 163.05370121147266 137
1757462510227 163.99862085092104 138
1757462510243 158.49300606319136 139
1757462510262 157.0034134930194 140
1757462510278 162.53010086148836 141
1757462510296 166.38465233381964 142
1757462510317 162.14163821847634 143
1757462510326 168.9718279431702 144
1757462510336 160.2774164061754 145
1757462510355 167.92362624621867 146
1757462510366 160.902163024034 147
1757462510375 163.9807806498836 148
1757462510392 159.63948072608693 149
1757462510410 157.78025935620582 150
1757462510426 167.1387438988164 151
1757462510448 161.183942193183 152
1757462510468 159.0438452972288 153
1757462510483 165.80080568869008 154
1757462510498 161.70342295198068 155
1757462510509 163.4220997634581 156
1757462510523 165.5637730192084 157
1757462510532 168.03392527853006 158
1757462510547 164.53101792991643 159
1757462510559 159.90520489584085 160
1757462510580 161.43181238102605 161
1757462510592 163.0379818295933 162
1757462510605 154.3383772797198 163
1757462510627 160.4540080431519 164
1757462510638 164.2546328973298 165
1757462510652 171.38194913976653 166
1757462510665 165.99715910273923 167
1757462510676 163.69426657676186 168
1757462510692 160.5486087958799 169
1757462510713 159.43767680230056 170
1757462510734 168.53292519381594 171
1757462510748 168.1873567201978 172
1757462510758 161.7010096559127 173
1757462510768 160.95134689439905 174
1757462510780 164.17092511079326 175
1757462510792 158.48858629422045 176
1757462510803 161.9473234687264 177
1757462510815 168.35115833920565 178
1757462510826 166.33776909504797 179
1757462510836 163.17321365978634 180
1757462510856 166.58899981122994 181
1757462510865 166.49073371298294 182
1757462510875 160.62297965306905 183
1757462510891 159.12315017119082 184
1757462510912 161.38333201271868 185
1757462510932 157.0484596045319 186
1757462510951 169.86414810767857 187
1757462510964 158.4359002108211 188
1757462510982 163.48491184235655 189
1757462510995 166.2086715912015 190
1757462511005 164.83322051770796 191
1757462511018 161.68258992408624 192
1757462511035 157.06609593914678 193
1757462511059 169.46682909443277 194
1757462511088 156.72215404907772 195
1757462511101 166.54513810629211 196
1757462511118 158.71261840140295 197
1757462511135 168.76313036270622 198
1757462511145 160.95052650469532 199
1757462511180 162.6496543493504 200
1757462511195 158.46551991163705 201
1757462511207 167.03491422808733 202
1757462511218 162.65973023638495 203
1757462511235 161.881566763648 204
1757462511265 159.23600030362147 205
1757462511278 161.33453170760706 206
1757462511296 160.01109718201832 207
1757462511307 162.37126245367088 208
1757462511319 162.77852459709908 209
1757462511339 157.1988924292476 210
1757462511357 162.44503636639107 211
1757462511380 164.2071778886477 212
1757462511392 157.1443613709077 213
1757462511405 163.13655776797881 214
1757462511416 159.9833914770971 215
1757462511451 181.26293904490007 216
1757462511475 158.39113558366876 217
1757462511492 164.93438650785995 218
1757462511505 159.68011939211655 219
1757462511525 163.86130230876438 220
1757462511552 158.71521471853154 221
1757462511573 161.54791646164855 222
1757462511585 158.94300084672335 223
1757462511606 159.3043358807438 224
1757462511617 157.78213778941657 225
1757462511636 163.55620881743957 226
1757462511646 162.81170740697206 227
1757462511660 156.06789099602236 228
1757462511671 159.4391082979048 229
1757462511689 161.59341078731032 230
1757462511711 158.0592076890195 231
1757462511731 161.2742560810162 232
1757462511742 166.84772888564456 233
1757462511753 161.21063317011996 234
1757462511764 162.26419678792868 235
1757462511775 153.71025775448823 236
1757462511786 162.81409027351228 237
1757462511798 160.4444561720424 238
1757462511818 160.6525648634876 239
1757462511829 160.25660102298443 240
1757462511840 164.45561537601841 241
1757462511856 153.48354377977145 242
1757462511874 164.7021494487471 243
1757462511901 159.71480987562953 244
1757462511920 167.956017184728 245
1757462511932 154.29366099383878 246
1757462511945 157.72441485522708 247
1757462511968 160.8152044787453 248
1757462511985 158.9137935401187 249
1757462511996 156.49211118391497 250
1757462512007 167.25054672059952 251
1757462512022 154.17440151911129 252
1757462512035 160.80874386226077 253
1757462512047 164.20573683607114 254
1757462512058 160.51980007169894 255
1757462512070 158.1298220418316 256
1757462512091 156.13164847194372 257
1757462512103 159.15499132332232 258
1757462512117 160.906362846412 259
1757462512138 158.32912468969565 260
1757462512152 163.58977677717965 261
1757462512163 162.06093811646727 262
1757462512175 158.40386573593594 263
1757462512193 159.45972507193855 264
1757462512205 157.65745114393442 265
1757462512219 164.00684895785577 266
1757462512231 155.36787325891243 267
1757462512249 153.5238367826387 268
1757462512269 156.62527457641875 269
1757462512282 154.21360800679216 270
1757462512297 155.67392330045018 271
1757462512315 155.3893809260361 272
1757462512333 158.9370162519332 273
1757462512348 159.58466526662016 274
1757462512359 157.97172215637627 275
1757462512371 157.4623054316692 276
1757462512394 157.18864463112993 277
1757462512406 162.56098067761687 278
1757462512428 155.01051217140628 279
1757462512440 161.83900612207148 280
1757462512457 164.4351026565451 281
1757462512468 162.80877732656998 282
1757462512481 158.03589037801413 283
1757462512499 158.54150335252905 284
1757462512521 159.45832407348192 285
1757462512535 157.87337933750337 286
1757462512548 163.0730235780656 287
1757462512570 161.30002948622743 288
1757462512590 159.4059736560175 289
1757462512610 159.08954708569414 290
1757462512632 155.48163492388687 291
1757462512658 159.1403313551437 292
1757462512686 159.36501367614434 293
1757462512704 155.61149087023452 294
1757462512720 154.14985762175053 295
1757462512738 156.87145384810125 296
1757462512758 166.2429866930446 297
1757462512772 159.857029689179 298
1757462512806 160.10954525538378 299
1757462512820 161.9366409675734 300
1757462512841 158.24592624961812 301
1757462512862 161.13806833893346 302
1757462512884 152.56597547150974 303
1757462512897 156.48285651831688 304
1757462512909 158.40340326294967 305
1757462512921 158.15521563349625 306
1757462512935 162.9076160039882 307
1757462512950 157.24107662753013 308
1757462512971 157.00557530834612 309
1757462512989 155.3859500602996 310
1757462513001 155.47757706393983 311
1757462513028 159.90342265436945 312
1757462513041 155.15378008928508 313
1757462513056 161.17062423051226 314
1757462513074 160.33779986041242 315
1757462513092 160.55934830910573 316
1757462513112 160.46140802709246 317
1757462513128 154.8788112568483 318
1757462513148 154.09555743744954 319
1757462513178 153.7541921447789 320
1757462513191 151.71364263986376 321
1757462513219 158.59218833879692 322
1757462513235 160.84905379411222 323
1757462513252 183.0509707222765 324
1757462513277 153.62397501737956 325
1757462513294 160.60274007740747 326
1757462513307 158.22658768421059 327
1757462513329 153.45071906297963 328
1757462513347 156.32525695581418 329
1757462513376 156.43393683925018 330
1757462513391 155.66438171332 331
1757462513409 154.98458295870273 332
1757462513426 159.23524119902325 333
1757462513440 153.71666958490098 334
1757462513480 157.64318721038097 335
1757462513505 158.05622918323948 336
1757462513517 153.78655543440428 337
1757462513536 156.8150389739661 338
1757462513549 155.91641382812924 339
1757462513565 153.16785305141514 340
1757462513591 163.82382433072385 341
1757462513605 153.17882844739958 342
1757462513618 159.80944318334613 343
1757462513639 159.3695716352635 344
1757462513652 156.55364101101512 345
1757462513686 163.37150985476475 346
1757462513701 156.93569258669925 347
1757462513716 159.17442847963642 348
1757462513736 151.32721739949577 349
1757462513749 157.58182505120246 350
1757462513764 159.68170881598337 351
1757462513789 146.85715868732368 352
1757462513811 159.85548276446278 353
1757462513832 156.31884023306694 354
1757462513851 157.87397941503338 355
1757462513863 159.3869603731415 356
1757462513876 159.41563542952886 357
1757462513892 163.19176161434063 358
1757462513909 157.01346861982353 359
1757462513930 156.04010610024673 360
1757462513946 157.14305440353425 361
1757462513967 153.44645552260332 362
1757462514005 152.6407137385506 363
1757462514019 158.5840963111997 364
1757462514040 160.40734063242408 365
1757462514056 157.63063221681318 366
1757462514076 157.9168117930086 367
1757462514089 160.84011512264604 368
1757462514108 160.4356627846568 369
1757462514125 154.52730706134537 370
1757462514147 156.72932970892984 371
1757462514172 158.49504032894384 372
1757462514185 156.91790659321785 373
1757462514205 153.24692672079925 374
1757462514232 156.46526552858145 375
1757462514248 157.61916742293943 376
1757462514263 154.2705103039512 377
1757462514308 156.70698933963746 378
1757462514337 161.6603336245482 379
1757462514361 163.05710412242908 380
1757462514374 157.27366792712746 381
1757462514388 153.78949583072512 382
1757462514401 151.97266099958713 383
1757462514421 147.86595771643275 384
1757462514438 153.22181661243286 385
1757462514463 157.21420976113254 386
1757462514482 155.71689114947145 387
1757462514496 158.5758467576782 388
1757462514520 150.683671151937 389
1757462514534 159.8398236987221 390
1757462514551 154.5494935460259 391
1757462514572 152.2480063737748 392
1757462514592 157.6626166307821 393
1757462514614 157.9210507377148 394
1757462514627 156.3715310199217 395
1757462514647 153.59641923481544 396
1757462514666 163.39509177688652 397
1757462514687 164.170212523656 398
1757462514701 158.59455249298114 399
1757462514721 163.79615154037305 400
1757462514739 161.76789164945725 401
1757462514762 152.12612523861515 402
1757462514783 154.9157088545944 403
1757462514821 154.19824447861902 404
1757462514847 159.57538973569712 405
1757462514869 157.87296621523635 406
1757462514884 162.42440488907775 407
1757462514900 158.00200707687205 408
1757462514926 157.89882321574072 409
1757462514948 155.97339479546454 410
1757462514974 151.6999750276912 411
1757462514994 154.07313795262704 412
1757462515018 146.35177045136038 413
1757462515038 158.69158629526862 414
1757462515052 164.2983690713726 415
1757462515069 155.14746850169126 416
1757462515101 153.96032299157545 417
1757462515126 161.2279577646194 418
1757462515177 149.33428913157067 419
1757462515218 154.83922540161439 420
1757462515241 152.86438001091125 421
1757462515257 158.81407750041606 422
1757462515279 157.22662166201434 423
1757462515295 150.17673948162184 424
1757462515317 156.86855175638 425
1757462515343 152.75855552435644 426
1757462515364 150.57141805649212 427
1757462515390 158.46547767551075 428
1757462515411 158.36656961387982 429
1757462515431 155.37443596608284 430
1757462515445 160.12698626428562 431
1757462515467 153.33988478558635 432
1757462515483 156.26255921537722 433
1757462515503 151.70205492805596 434
1757462515522 150.73911510181267 435
1757462515542 159.28328891778534 436
1757462515558 158.39854936501797 437
1757462515584 152.99179122672308 438
1757462515602 160.03476133963898 439
1757462515626 154.87733575076874 440
1757462515655 157.13196251900388 441
1757462515673 158.50558059576778 442
1757462515695 159.68905358197782 443
1757462515714 158.52255949794625 444
1757462515735 161.423590263486 445
1757462515758 158.84547313687568 446
1757462515785 154.95938036069964 447
1757462515814 153.14933181413437 448
1757462515837 159.46867336301142 449
1757462515857 154.75996229889847 450
1757462515877 151.49111987306452 451
1757462515902 155.65707658774784 452
1757462515929 150.88914659736236 453
1757462515952 153.5050306354403 454
1757462515988 157.67721032563722 455
1757462516012 156.1153214287673 456
1757462516031 153.44833805859543 457
1757462516049 152.80042969292697 458
1757462516068 158.38252315172775 459
1757462516095 154.0774357636371 460
1757462516129 153.81433274861234 461
1757462516147 149.0747510343817 462
1757462516171 154.63134421951986 463
1757462516194 154.8247002950892 464
1757462516209 155.1065649412314 465
1757462516237 153.81408266551597 466
1757462516270 157.1941847321865 467
1757462516284 154.53274288016328 468
1757462516303 156.59092886466394 469
1757462516319 155.98101079855923 470
1757462516335 155.57525716499111 471
1757462516357 158.76551206319706 472
1757462516379 151.71897677720975 473
1757462516406 155.09385237412246 474
1757462516425 153.98335446771324 475
1757462516446 160.64422015455764 476
1757462516467 154.45419465230174 477
1757462516484 158.9566605472536 478
1757462516501 159.12562798791845 479
1757462516527 158.1489979933299 480
1757462516554 155.09136475006693 481
1757462516584 148.01783011520575 482
1757462516607 155.18510430884075 483
1757462516632 159.98110260489366 484
1757462516658 157.55276255757443 485
1757462516674 159.46700926308222 486
1757462516690 157.51633682167432 487
1757462516714 154.5667579298741 488
1757462516737 149.91822163298042 489
1757462516759 152.35279056109997 490
1757462516775 152.62399334175504 491
1757462516791 158.32130380976466 492
1757462516806 151.66993900052486 493
1757462516822 157.10458352662334 494
1757462516838 158.95139761929423 495
1757462516856 149.67617689732288 496
1757462516882 155.2102207254426 497
1757462516898 157.3798194145539 498
1757462516916 155.96354108690116 499
