1757462387731 158.52003978925558 0
1757462387776 181.86406082289582 1
1757462387833 173.82598663193784 2
1757462387881 170.20224002818844 3
1757462387923 186.86943608399528 4
1757462387972 165.80021538045173 5
1757462388008 167.09842449086906 6
1757462388055 173.20268154639314 7
1757462388090 180.87982945747873 8
1757462388133 175.63575432195742 9
1757462388173 205.73214290559187 10
1757462388217 186.16797695225682 11
1757462388253 166.5708408543958 12
1757462388293 168.29982871994375 13
1757462388341 147.42856962099023 14
1757462388370 113.78707152406714 15
1757462388403 160.8713468590968 16
1757462388460 165.18173300556595 17
1757462388505 155.08008854143546 18
1757462388539 148.11408288168218 19
1757462388583 140.760052152938 20
1757462388633 182.90079333148887 21
1757462388683 153.90686170578124 22
1757462388728 157.16700642044614 23
1757462388772 148.0161740953576 24
1757462388815 175.28266167854625 25
1757462388854 182.71444456420178 26
1757462388897 155.37381519028068 27
1757462388938 188.7767024919324 28
1757462388980 174.59830773459066 29
1757462389016 190.94375813830496 30
1757462389056 161.99179428098685 31
1757462389102 171.6024578614292 32
1757462389140 165.23320540398237 33
1757462389201 157.25602045298768 34
1757462389254 189.35996856887016 35
1757462389294 164.8863351078489 36
1757462389335 171.91616343853755 37
1757462389369 171.4252904611175 38
1757462389421 177.1535786629028 39
1757462389468 172.8213807754781 40
1757462389513 137.65729963477668 41
1757462389555 174.83575373505 42
1757462389603 168.7991069663604 43
1757462389649 184.61610853701225 44
1757462389694 165.56624804821902 45
1757462389728 140.3483133318437 46
1757462389783 165.85570268108623 47
1757462389828 155.52696260451597 48
1757462389869 142.9521130129351 49
1757462389905 191.87189226382404 50
1757462389954 157.05929126430001 51
1757462390001 156.80040268949037 52
1757462390038 161.9908099543909 53
1757462390092 153.5842992025871 54
1757462390138 157.69240997317385 55
1757462390179 146.33014182547677 56
1757462390210 161.49259828103237 57
1757462390246 160.02795600265804 58
1757462390288 159.35001058584538 59
1757462390326 175.10610456626804 60
1757462390376 158.12799013065091 61
1757462390422 171.50162351718066 62
1757462390463 134.19918537302692 63
1757462390503 149.6783946687663 64
1757462390545 156.19471723648172 65
1757462390591 165.75862010552635 66
1757462390631 160.28272390670668 67
1757462390680 145.3837762066502 68
1757462390737 143.37251744451942 69
1757462390784 139.2926181400305 70
1757462390827 175.108653252274 71
1757462390875 165.71354557710637 72
1757462390918 149.48785293653538 73
1757462390962 154.32833365871883 74
1757462391005 159.29951453808573 75
1757462391057 165.42556332983713 76
1757462391104 144.93712359646946 77
1757462391142 136.73239026451742 78
1757462391204 161.46169058355386 79
1757462391245 157.61218675968829 80
1757462391276 147.92752325933452 81
1757462391318 162.71106941561288 82
1757462391363 163.76301780311124 83
1757462391398 139.73711152400412 84
1757462391442 160.5680694379127 85
1757462391489 138.7278026125788 86
1757462391537 155.48180383966627 87
1757462391598 157.92507456030782 88
1757462391641 154.06940632915078 89
1757462391700 178.67002752641966 90
1757462391749 158.4438879720662 91
1757462391787 180.22365179564946 92
1757462391817 147.4212623665385 93
1757462391850 177.53573921644542 94
1757462391885 174.1883922841221 95
1757462391930 138.87567967334496 96
1757462391974 154.5556432759831 97
1757462392012 173.18550425662525 98
1757462392057 179.60413905682793 99
1757462392106 180.77461858601362 100
1757462392159 145.69046739976022 101
1757462392195 168.35091550308286 102
1757462392227 158.90989633808692 103
1757462392276 160.06794534169404 104
1757462392330 185.12865013895475 105
1757462392401 155.7873528421216 106
1757462392464 142.15016515687452 107
1757462392507 157.33489077287334 108
1757462392550 178.55245595753064 109
1757462392601 177.9315626545966 110
1757462392639 176.81815228361242 111
1757462392690 190.0855395087178 112
1757462392731 158.69352662245248 113
1757462392774 167.12317270811334 114
1757462392811 163.7099029574032 115
1757462392854 151.57364161969483 116
1757462392895 158.05677996058674 117
1757462392947 161.63503740266486 118
1757462392977 143.53385428024336 119
1757462393015 183.49054749508187 120
1757462393059 178.80414842366372 121
1757462393100 166.51439414140864 122
1757462393136 182.57252456544478 123
1757462393185 167.35949836559456 124
1757462393226 153.72637572032838 125
1757462393276 153.88472962720067 126
1757462393311 144.2215141500546 127
1757462393347 138.54121470193397 128
1757462393390 182.01193860275083 129
1757462393430 148.95618458455678 130
1757462393469 147.67080042731766 131
1757462393514 165.35335133210296 132
1757462393557 162.52978143260935 133
1757462393615 135.52676169982922 134
1757462393658 163.5746252404841 135
1757462393702 147.42192450514548 136
1757462393754 163.3896531945308 137
1757462393785 177.8018491844977 138
1757462393817 165.51951286125112 139
1757462393860 191.11050486857584 140
1757462393908 147.681917325867 141
1757462393968 182.62329072970275 142
1757462394007 154.01905309484096 143
1757462394066 167.03126547723508 144
1757462394109 166.52049914080166 145
1757462394145 163.51204024249571 146
1757462394191 166.24223777552362 147
1757462394233 156.2589072266665 148
1757462394305 124.7518353904959 149
1757462394352 129.96495859847292 150
1757462394394 120.27677436821581 151
1757462394444 164.20834365608823 152
1757462394491 187.42572070862354 153
1757462394528 174.93038778119563 154
1757462394576 158.05186692480828 155
1757462394623 165.71442921828913 156
1757462394664 123.87594012940635 157
1757462394705 152.35610896401775 158
1757462394753 177.12276845574027 159
1757462394820 171.75312912031558 160
1757462394877 174.18064476512902 161
1757462394939 150.95124132828363 162
1757462394982 165.882285027577 163
1757462395017 169.29869592837028 164
1757462395071 124.32897737467334 165
1757462395119 164.09834016750654 166
1757462395162 150.5855622681937 167
1757462395210 168.07592441835817 168
1757462395254 181.21488614383017 169
1757462395290 171.85608876928399 170
1757462395327 151.81938673578838 171
1757462395372 148.22452450764317 172
1757462395418 139.94936938583055 173
1757462395449 141.94157091667037 174
1757462395499 156.74682119664686 175
1757462395556 150.45509768128417 176
1757462395593 161.27775134227758 177
1757462395642 133.0226891785249 178
1757462395685 138.2160034244219 179
1757462395721 133.78449599663617 180
1757462395781 166.43075155798135 181
1757462395817 157.9279552398901 182
1757462395857 174.88186197645035 183
1757462395902 162.793445313452 184
1757462395949 144.08660444400445 185
1757462396020 163.4325978123538 186
1757462396073 172.38278884826326 187
1757462396126 149.1612667843532 188
1757462396175 159.8115881740155 189
1757462396232 135.67784036971395 190
1757462396276 166.6859813112876 191
1757462396326 173.6433675918566 192
1757462396375 161.1420238715874 193
1757462396433 119.60575509371081 194
1757462396475 160.25896185350422 195
1757462396517 158.23454035313043 196
1757462396565 168.73587853671967 197
1757462396616 144.68949399103425 198
1757462396652 125.43160800023291 199
1757462396690 142.07267152236943 200
1757462396731 145.12506211136255 201
1757462396774 160.90636203645764 202
1757462396833 165.46142001044194 203
1757462396874 146.242227354787 204
1757462396923 162.16328731624344 205
1757462396977 156.84447697162702 206
1757462397012 160.2258328539311 207
1757462397077 171.84182405149664 208
1757462397121 145.58310378112293 209
1757462397177 166.54081185549808 210
1757462397230 138.93016097952304 211
1757462397269 162.9147276288717 212
1757462397310 154.80688517375086 213
1757462397356 170.11227421619893 214
1757462397404 156.45114595389126 215
1757462397448 147.76147353301025 216
1757462397485 157.58444495520754 217
1757462397528 155.90616253578182 218
1757462397566 165.2196167982897 219
1757462397599 162.05649867406757 220
1757462397654 131.19822689455833 221
1757462397693 188.83813490191116 222
1757462397732 149.1199267310238 223
1757462397776 153.87762192509774 224
1757462397823 138.79999588522887 225
1757462397875 172.47437880885778 226
1757462397923 174.9437065401904 227
1757462397968 175.41683540345912 228
1757462398011 127.42479023068836 229
1757462398047 156.89370908521784 230
1757462398099 165.8222883576245 231
1757462398143 148.75046022802275 232
1757462398186 163.16934072925716 233
1757462398232 148.76690553547476 234
1757462398278 163.95442607608945 235
1757462398315 136.87652529115496 236
1757462398356 154.9861845301346 237
1757462398400 157.7705268887785 238
1757462398449 131.93181303676832 239
1757462398493 141.89016806008814 240
1757462398546 146.21278013248582 241
1757462398584 174.5699158230694 242
1757462398634 124.13569336155894 243
1757462398682 133.4788866740647 244
1757462398732 155.4855712604554 245
1757462398786 125.26008237747016 246
1757462398828 179.38057466049648 247
1757462398875 131.4327165355692 248
1757462398930 162.3281200210241 249
1757462398985 148.40342120812616 250
1757462399026 194.92388338799745 251
1757462399064 151.70708120201397 252
1757462399122 144.67645448363385 253
1757462399160 140.87777830678002 254
1757462399210 138.573253879021 255
1757462399250 162.80826356263364 256
1757462399292 151.62992750737845 257
1757462399331 166.84389116184207 258
1757462399384 138.1817837204687 259
1757462399434 144.6338117515307 260
1757462399489 161.04024321315427 261
1757462399528 159.81932157878137 262
1757462399581 153.48373359683802 263
1757462399623 129.45056201335493 264
1757462399667 156.02551161514987 265
1757462399717 155.5178327023167 266
1757462399760 174.09784046821653 267
1757462399807 153.3755838477101 268
1757462399855 151.66950558296776 269
1757462399903 172.81744312653137 270
1757462399947 130.6080381557592 271
1757462399989 172.71185435003036 272
1757462400026 156.6842814267895 273
1757462400071 139.66410287013292 274
1757462400133 155.8726034507216 275
1757462400173 175.40434770237863 276
1757462400223 154.426965074483 277
1757462400267 148.95998636541395 278
1757462400319 150.51145161493946 279
1757462400357 160.50584616326964 280
1757462400411 152.53618084328414 281
1757462400462 141.6640404765647 282
1757462400508 158.1251646018022 283
1757462400546 144.09206184596064 284
1757462400595 150.02877542138012 285
1757462400639 149.05797157604752 286
1757462400693 150.20640064032432 287
1757462400741 152.23153636626324 288
1757462400799 151.85412885458504 289
1757462400858 152.56502301850816 290
1757462400899 150.86844123613827 291
1757462400943 151.28250824902682 292
1757462400981 144.74810961437396 293
1757462401027 153.04944425026926 294
1757462401075 147.0346771821566 295
1757462401127 149.4222042316721 296
1757462401167 189.72384009224285 297
1757462401211 154.98815252614088 298
1757462401252 170.12859881587985 299
1757462401313 147.00487557091438 300
1757462401355 131.66368904434052 301
1757462401402 135.06218625448219 302
1757462401457 129.76496732644625 303
1757462401494 154.06592025113116 304
1757462401554 150.48010914210826 305
1757462401603 162.8259774878721 306
1757462401640 143.0424179272032 307
1757462401676 160.5565370823236 308
1757462401728 149.63241436328903 309
1757462401765 145.9266904096036 310
1757462401827 166.67447689615827 311
1757462401866 149.05952143303827 312
1757462401923 152.5023214624462 313
1757462401974 166.6777546849293 314
1757462402019 143.93772409091446 315
1757462402071 134.78514840423856 316
1757462402136 174.09758647370643 317
1757462402178 140.48051139148208 318
1757462402222 139.35242513526694 319
1757462402277 117.14953436562855 320
1757462402329 150.74342821404696 321
1757462402389 146.89153969142984 322
1757462402429 153.63892334340673 323
1757462402479 155.9598760452368 324
1757462402520 159.93820053184874 325
1757462402572 160.82560106697503 326
1757462402621 143.35824349266719 327
1757462402677 143.82312828332292 328
1757462402717 150.86292011673075 329
1757462402779 127.94166415420301 330
1757462402821 151.34134159945768 331
1757462402882 176.20780270710847 332
1757462402917 140.9742060443763 333
1757462402963 161.43579179388064 334
1757462403005 178.10973262972388 335
1757462403050 130.6994920713066 336
1757462403095 145.44205519418492 337
1757462403141 144.1913473131238 338
1757462403195 135.88612362941137 339
1757462403241 153.0462984904266 340
1757462403279 165.4337814287098 341
1757462403324 159.56370974608876 342
1757462403363 127.12419060876562 343
1757462403397 157.46525973228412 344
1757462403433 187.2929392317156 345
1757462403479 158.46758071906584 346
1757462403523 148.18952992020795 347
1757462403604 153.78369148649037 348
1757462403657 150.93859075472727 349
1757462403712 154.01474831470827 350
1757462403766 161.36511336888455 351
1757462403838 130.44026325583945 352
1757462403887 124.42625775516814 353
1757462403958 155.05356447052063 354
1757462404004 145.7038855126155 355
1757462404051 158.8627495012578 356
1757462404103 173.36117241024917 357
1757462404159 161.65758585017906 358
1757462404216 163.22789887304745 359
1757462404258 164.84447280424774 360
1757462404306 155.88418106600352 361
1757462404351 118.27653761009816 362
1757462404407 122.90609331817427 363
1757462404468 154.93633344834677 364
1757462404520 163.3840452196143 365
1757462404579 150.5530477646566 366
1757462404629 140.72340408135676 367
1757462404676 124.07938260128026 368
1757462404714 122.249393544602 369
1757462404754 171.17640663654493 370
1757462404801 115.93451345937271 371
1757462404858 161.988237699191 372
1757462404916 142.9885648546022 373
1757462404959 147.27372768150468 374
1757462405012 162.45320429067158 375
1757462405065 155.1511480938974 376
1757462405100 143.30369246178674 377
1757462405137 134.9884585898813 378
1757462405188 125.43099048223576 379
1757462405241 155.41345971515713 380
1757462405290 146.45918488865024 381
1757462405336 160.6878995900471 382
1757462405384 139.886021264419 383
1757462405434 143.77485640912778 384
1757462405476 145.53973102376787 385
1757462405538 150.03293766008971 386
1757462405588 109.86358144850833 387
1757462405629 138.7780498913022 388
1757462405682 164.11012185347852 389
1757462405730 146.32306046883613 390
1757462405794 145.45664380192096 391
1757462405832 139.24060066733787 392
1757462405878 160.80731521967144 393
1757462405972 140.6273832664336 394
1757462406026 132.31001399553537 395
1757462406080 162.1928234272345 396
1757462406141 167.0970367810526 397
1757462406194 152.85084081798328 398
1757462406262 153.67480322555951 399
1757462406309 86.9200332822487 400
1757462406353 147.14943783869776 401
1757462406407 126.06103881544877 402
1757462406449 114.03331145142003 403
1757462406494 152.1544957909464 404
1757462406557 139.25984745295895 405
1757462406603 145.91610059448456 406
1757462406654 128.3849720593473 407
1757462406707 150.20604408733308 408
1757462406747 150.12438551099916 409
1757462406798 156.1533337669774 410
1757462406840 142.0904215715148 411
1757462406885 126.7641090941905 412
1757462406931 158.03742887120654 413
1757462406977 134.65594907324123 414
1757462407024 146.2801628570701 415
1757462407068 147.69079169796763 416
1757462407111 142.51838443202553 417
1757462407182 502.0192174447994 418
1757462407234 152.6578055115518 419
1757462407278 152.7238130238909 420
1757462407329 154.46497117709913 421
1757462407384 144.67719284749668 422
1757462407439 135.61908693627274 423
1757462407500 149.28107135033395 424
1757462407549 153.50006197310347 425
1757462407603 154.51401308453106 426
1757462407649 142.92307797795226 427
1757462407714 154.47575881638562 428
1757462407763 124.21436205090532 429
1757462407810 125.43532010044258 430
1757462407851 198.96231707333672 431
1757462407898 120.00557121343685 432
1757462407938 132.03540515601313 433
1757462407992 131.79402206553516 434
1757462408041 142.22425226107913 435
1757462408088 157.22932744208038 436
1757462408134 145.5355828170176 437
1757462408188 128.35411532531447 438
1757462408235 128.96864856942278 439
1757462408280 138.98317560648846 440
1757462408327 161.93056555745318 441
1757462408379 127.00710180301269 442
1757462408430 155.03340506445903 443
1757462408477 149.36395260966316 444
1757462408535 170.027413066369 445
1757462408586 141.8808675529435 446
1757462408634 158.81540929862018 447
1757462408689 102.56979316951866 448
1757462408738 134.9238769123584 449
1757462408806 147.080562683393 450
1757462408855 153.53444662317872 451
1757462408909 133.224300680671 452
1757462408955 138.54537460676258 453
1757462409040 149.20413877126347 454
1757462409157 125.71304761862103 455
1757462409203 163.6165660821167 456
1757462409256 147.78677100595377 457
1757462409303 138.75822615980042 458
1757462409367 170.94794100266415 459
1757462409438 185.59744063801483 460
1757462409489 140.0064863994743 461
1757462409542 141.40966028465337 462
1757462409580 122.04057525534725 463
1757462409623 147.61305515002425 464
1757462409659 173.6532771039929 465
1757462409708 152.1432725243371 466
1757462409755 147.33955123587478 467
1757462409822 138.40936902782306 468
1757462409877 146.0080585119625 469
1757462409914 141.9356275855572 470
1757462409951 194.0525109990514 471
1757462410001 143.45157274612478 472
1757462410052 139.21596610848277 473
1757462410090 145.5252188678458 474
1757462410132 143.86644032087307 475
1757462410184 117.42836285505383 476
1757462410235 132.94458985664355 477
1757462410271 158.26559126222577 478
1757462410322 144.57168598033525 479
1757462410363 145.25978283036497 480
1757462410424 130.86281241380382 481
1757462410481 132.04517934825776 482
1757462410530 111.88544934489543 483
1757462410580 134.43583147439736 484
1757462410630 127.76443302672938 485
1757462410677 142.60735843244262 486
1757462410732 161.41625210301675 487
1757462410784 150.36559455486199 488
1757462410843 144.09109464830144 489
1757462410889 119.14124092839018 490
1757462410950 149.0334950077719 491
1757462410992 149.44777481914312 492
1757462411056 131.2218569713988 493
1757462411093 146.52578795827665 494
1757462411131 154.7625014723636 495
1757462411200 156.46608313730033 496
1757462411244 129.7820567424282 497
1757462411298 149.25781943879062 498
1757462411353 136.60557838818139 499
