1757462350252 203.59608282404045 0
1757462350288 208.34653282205872 1
1757462350329 49.505956253580386 2
1757462350369 88.8680920159645 3
1757462350418 811.0516616899203 4
1757462350463 18521.112116203934 5
1757462350499 229353.459816168 6
1757462350541 4825058.659092226 7
1757462350596 25354875.641846318 8
1757462350636 11194851155.836342 9
1757462350685 104397166329.43228 10
1757462350721 5655454013683.468 11
1757462350765 968613733918.2683 12
1757462350805 10185156770595.863 13
1757462350846 693156718659.083 14
1757462350883 1.5354608500728768e+17 15
1757462350924 8.538689567295067e+19 16
1757462350952 1.5582392915822052e+22 17
1757462350995 8.946512249048591e+21 18
1757462351035 1.767569792192596e+25 19
1757462351075 7.56722593311819e+26 20
1757462351119 7.744903386840504e+26 21
1757462351156 3.674577478996311e+28 22
1757462351223 6.211780292239752e+30 23
1757462351269 7.759114893693999e+29 24
1757462351332 4.692469106649015e+31 25
1757462351374 3.4215712310510654e+34 26
1757462351428 3.889591683245429e+36 27
1757462351463 1.299208157934686e+36 28
1757462351494 1.0955860256958395e+39 29
1757462351529 5.792800946169634e+40 30
1757462351602 2.434626069152872e+41 31
1757462351658 8.162557655112593e+42 32
1757462351700 4.306543789092932e+44 33
1757462351738 3.1982612351712064e+46 34
1757462351774 5.5045667447980506e+45 35
1757462351814 1.5883266368477796e+49 36
1757462351867 1.574332411237194e+50 37
1757462351913 5.206158840754918e+50 38
1757462351959 2.4046099253537287e+53 39
1757462352006 1.6875208299472694e+55 40
1757462352045 5.2519760795170604e+54 41
1757462352090 1.5480283958826573e+55 42
1757462352128 5.123449345814611e+58 43
1757462352167 2.614201196875727e+61 44
1757462352212 6.73579841023187e+63 45
1757462352258 1.1222417023644528e+64 46
1757462352305 1.4452238364744163e+66 47
1757462352349 1.030176413000234e+67 48
1757462352388 2.2124354443355046e+68 49
1757462352433 3.711112982471806e+69 50
1757462352476 1.3737516573115522e+71 51
1757462352517 6.682622106700044e+71 52
1757462352554 7.583876854437959e+73 53
1757462352587 2.61887955218068e+76 54
1757462352623 1.8713912470477473e+77 55
1757462352665 5.560178148534859e+78 56
1757462352699 1.5404267119226917e+80 57
1757462352734 2.7178861523531183e+82 58
1757462352776 6.218144302621888e+82 59
1757462352811 4.491520528811736e+84 60
1757462352860 1.5930335785694198e+86 61
1757462352898 1.2239487573237641e+86 62
1757462352940 2.839775386512292e+88 63
1757462352974 5.983848768646345e+87 64
1757462353007 3.6147727235754075e+91 65
1757462353052 3.8461187818190135e+92 66
1757462353101 1.5092105246321152e+95 67
1757462353144 3.838194630571333e+97 68
1757462353186 1.3228451627269863e+98 69
1757462353229 8.515464572118556e+99 70
1757462353267 1.7592776514800757e+99 71
1757462353326 4.0687814089592276e+102 72
1757462353368 2.0105403687853027e+103 73
1757462353425 5.6047286513137196e+103 74
1757462353465 3.655879357220512e+106 75
1757462353516 5.222316406198401e+107 76
1757462353554 9.576156190389848e+108 77
1757462353595 4.8203469070428823e+110 78
1757462353631 7.290196930277724e+110 79
1757462353674 3.080641408963166e+113 80
1757462353731 5.448515316486319e+115 81
1757462353766 8.595871754216493e+115 82
1757462353802 5.420837468131597e+116 83
1757462353841 5.84524135021781e+119 84
1757462353878 7.183223910070266e+120 85
1757462353915 4.790916923023897e+122 86
1757462353965 1.3626620305031694e+124 87
1757462353994 4.526733513937217e+124 88
1757462354023 2.121364442937219e+126 89
1757462354051 1.4719003030156094e+128 90
1757462354080 6.760080951504959e+129 91
1757462354113 5.642517198224081e+130 92
1757462354152 3.579569433730454e+132 93
1757462354189 2.1016754983722917e+133 94
1757462354230 2.878771515142755e+135 95
1757462354262 2.1286688328755006e+137 96
1757462354311 7.2487434114068774e+137 97
1757462354365 1.5818555481155643e+139 98
1757462354414 4.722282506639944e+141 99
1757462354448 4.372258200974722e+143 100
1757462354488 1.5249447766409803e+144 101
1757462354525 2.3676621827249614e+145 102
1757462354565 5.554894394057053e+146 103
1757462354603 5.876759463844353e+148 104
1757462354642 4.694131248480963e+149 105
1757462354683 1.3780752291254695e+151 106
1757462354721 6.088064909081378e+152 107
1757462354774 1.6788906146901143e+154 108
1757462354810 6.541767846273466e+156 109
1757462354851 2.3411766896439374e+158 110
1757462354908 2.4108626428468318e+158 111
1757462354958 3.4554836905203154e+159 112
1757462355005 1.7219069315842785e+164 113
1757462355035 7.479342681686156e+162 114
1757462355072 3.4959441858364234e+164 115
1757462355107 2.623604561460102e+165 116
1757462355144 5.8498354022030106e+165 117
1757462355191 2.2561091210687116e+169 118
1757462355231 9.425673262849429e+170 119
1757462355269 1.0760260485880632e+172 120
1757462355312 2.1272532755947073e+173 121
1757462355358 4.579504757291283e+174 122
1757462355399 2.379997223739412e+176 123
1757462355449 2.6468081941244096e+177 124
1757462355493 2.84938357299936e+179 125
1757462355535 3.5756902348054827e+180 126
1757462355577 2.2730992591028347e+182 127
1757462355624 3.790827991166112e+183 128
1757462355675 3.1338256453672175e+184 129
1757462355719 1.0298589719401563e+186 130
1757462355759 7.202776212125345e+187 131
1757462355790 1.3149101747058384e+189 132
1757462355834 2.230092109774066e+190 133
1757462355880 2.9250397003353943e+192 134
1757462355921 3.051100815526176e+193 135
1757462355962 1.9276880827984052e+195 136
1757462355998 2.9124973472501937e+198 137
1757462356048 3.589616017008298e+198 138
1757462356113 1.7098250147654767e+200 139
1757462356157 1.8738592145924555e+201 140
1757462356202 4.057802520666248e+200 141
1757462356281 2.152963105346361e+204 142
1757462356317 4.644616997495426e+205 143
1757462356357 5.747519895842443e+207 144
1757462356435 4.382007246841273e+207 145
1757462356482 3.2953268219898126e+209 146
1757462356528 1.4504469965085805e+211 147
1757462356564 1.8074383122068458e+213 148
1757462356608 1.8857075882311938e+214 149
1757462356648 1.8590809309820074e+215 150
1757462356706 2.3047124851001877e+217 151
1757462356757 2.4520888306285754e+218 152
1757462356820 2.2592841744063196e+218 153
1757462356881 2.2803106064088756e+222 154
1757462356927 5.146174316796204e+222 155
1757462356959 2.0101146443793968e+222 156
1757462357000 2.6363795180888626e+225 157
1757462357048 6.507584149737004e+227 158
1757462357087 5.039549770115052e+230 159
1757462357125 2.3402743911086893e+230 160
1757462357178 9.860021522824597e+231 161
1757462357226 2.1323088412806744e+233 162
1757462357258 8.981522114182698e+233 163
1757462357299 1.1476878221540028e+236 164
1757462357350 1.9367013877111385e+238 165
1757462357396 1.2918353583696997e+240 166
1757462357442 1.3247551548953621e+241 167
1757462357486 1.5262482259917086e+242 168
1757462357533 3.3817122764188993e+243 169
1757462357588 7.179550726642424e+244 170
1757462357640 6.542729585312178e+245 171
1757462357679 1.924433544813396e+248 172
1757462357726 1.2031646884087888e+251 173
1757462357769 7.674457023784048e+250 174
1757462357814 5.279330959689816e+252 175
1757462357858 2.2107070194658033e+253 176
1757462357900 3.4024717070122295e+255 177
1757462357939 1.0870365430274463e+257 178
1757462357996 5.243817289126526e+258 179
1757462358035 7.09675375069102e+259 180
1757462358086 3.940672845298878e+260 181
1757462358135 5.004612796374675e+262 182
1757462358184 2.950588632674504e+263 183
1757462358226 5.833545448462425e+265 184
1757462358281 1.3589622103615417e+267 185
1757462358315 2.365071135874244e+268 186
1757462358357 1.9874643986040897e+269 187
1757462358397 2.2101323977152824e+271 188
1757462358447 1.4765738177530252e+272 189
1757462358500 1.0089175385562207e+273 190
1757462358543 1.0811742111490535e+276 191
1757462358591 3.275381575075228e+276 192
1757462358638 9.222032123870592e+278 193
1757462358683 1.1285180991754347e+280 194
1757462358723 1.6826094740018424e+280 195
1757462358761 1.3298902699840786e+283 196
1757462358810 2.4061972479760913e+284 197
1757462358860 1.0827451118944522e+286 198
1757462358905 2.8573598976059538e+287 199
1757462358954 1.3781138097092544e+289 200
1757462359003 2.113409391620178e+290 201
1757462359043 2.0117997677768926e+292 202
1757462359108 2.3317236988833737e+293 203
1757462359158 1.503799879423727e+294 204
1757462359200 3.8362419928478103e+295 205
1757462359245 3.0161749264900745e+296 206
1757462359286 2.8859594160520662e+299 207
1757462359330 1.8680235531030016e+301 208
1757462359377 5.954783691098399e+301 209
1757462359423 4.22788169544639e+303 210
1757462359470 4.53493271681063e+304 211
1757462359509 8.744400056152537e+305 212
