1757463077542 193.93969883489194 0
1757463077601 172.4194514747902 1
1757463077696 139.11614994004177 2
1757463077772 36.93338225255955 3
1757463077831 1376.4060309215156 4
1757463077884 29651.118752007922 5
1757463077941 304891.6302358254 6
1757463077991 138749.5945831663 7
1757463078044 6751518621.910546 8
1757463078108 451957971616.1067 9
1757463078173 1782952962463.206 10
1757463078225 198164611114385.72 11
1757463078282 56265038347714.42 12
1757463078357 5.676779013155322e+16 13
1757463078435 5.699348352949883e+18 14
1757463078512 1.9132589531569353e+19 15
1757463078577 8.968529878991307e+21 16
1757463078646 1.650610085718293e+23 17
1757463078710 2.0884013457802273e+24 18
1757463078811 2.5924853585231404e+26 19
1757463078891 2.391851494864775e+28 20
1757463078961 2.7648381913714067e+29 21
1757463079035 3.229247016384441e+31 22
1757463079100 4.2239314338212334e+32 23
1757463079174 3.725523013372837e+33 24
1757463079242 5.570969234139921e+35 25
1757463079313 8.829383991222418e+36 26
1757463079381 7.032592403696425e+37 27
1757463079451 2.1043710805718297e+41 28
1757463079531 4.3000455244431714e+41 29
1757463079598 9.006037341891973e+40 30
1757463079666 6.6520662622376206e+44 31
1757463079759 3.8445144771563054e+46 32
1757463079823 4.094102068701379e+45 33
1757463079890 2.8936727044719308e+50 34
1757463079954 1.0341202875340126e+52 35
1757463080020 1.6334537747197744e+53 36
1757463080088 3.0615695036751192e+54 37
1757463080155 1.7396634069787348e+56 38
1757463080227 2.6346366535079416e+57 39
1757463080297 2.6319698799043013e+59 40
1757463080360 4.515774843503671e+59 41
1757463080420 2.2646622981718434e+62 42
1757463080493 1.018226923196122e+63 43
1757463080558 4.294271366998808e+65 44
1757463080635 4.256368678851662e+66 45
1757463080701 8.41927304710968e+68 46
1757463080794 2.890795223234304e+70 47
1757463080884 1.0131826993203694e+72 48
1757463080956 6.412986101227162e+70 49
1757463081058 9.99346933319147e+73 50
1757463081144 2.1727409737959022e+76 51
1757463081205 1.7551150255735327e+77 52
1757463081286 2.525148036913858e+79 53
1757463081348 9.7277405970313e+80 54
1757463081409 1.9988108240986278e+82 55
1757463081478 2.9253175087336108e+84 56
1757463081563 7.429636498749475e+84 57
1757463081631 3.968512376242209e+87 58
1757463081714 1.5032179151886058e+89 59
1757463081781 9.680286000549111e+89 60
1757463081855 1.0829061390151052e+92 61
1757463081922 3.9636095040570104e+93 62
1757463081991 1.4736255791359672e+93 63
1757463082053 2.55367306838081e+96 64
1757463082116 4.1781989856868e+95 65
1757463082178 1.863004126083791e+97 66
1757463082261 3.376943953370296e+101 67
1757463082327 3.29777373830617e+102 68
1757463082408 2.43526068104627e+105 69
1757463082476 3.9294009844307425e+106 70
1757463082536 2.9629907935868594e+108 71
1757463082593 2.2549568948962862e+109 72
1757463082651 3.903048579515685e+110 73
1757463082713 2.0886130271146773e+112 74
1757463082786 5.1588045429673416e+113 75
1757463082840 2.652342613714237e+115 76
1757463082889 8.249185431868923e+117 77
1757463082937 2.282296617579632e+118 78
1757463082985 1.2790876342899476e+120 79
1757463083034 9.412466230693692e+121 80
1757463083107 1.4891940062187954e+124 81
1757463083178 1.9335697348373217e+126 82
1757463083251 1.4127757587657721e+127 83
1757463083311 4.7513051037380754e+128 84
1757463083374 1.1278472659711793e+129 85
1757463083437 5.774860502526954e+130 86
1757463083503 2.3811482945190357e+134 87
1757463083565 8.974673905965196e+133 88
1757463083629 1.0102569327474929e+136 89
1757463083698 5.521158263119661e+137 90
1757463083774 4.164353929850057e+139 91
1757463083851 4.774631809118007e+137 92
1757463083921 4.448885785933097e+142 93
1757463083987 3.3748357372080987e+143 94
1757463084048 1.8502215907711988e+145 95
1757463084113 6.74188683733858e+146 96
1757463084179 3.119641738434334e+148 97
1757463084247 5.622405116443105e+149 98
1757463084321 2.3692634316366413e+151 99
1757463084384 5.374905749181009e+152 100
1757463084442 2.6271416016791388e+154 101
1757463084506 1.2810307537455712e+156 102
1757463084568 1.540795945739242e+158 103
1757463084637 3.6064293813628705e+159 104
1757463084704 3.1727977278006144e+160 105
1757463084761 2.208174071526853e+163 106
1757463084816 1.4696322072543465e+164 107
1757463084878 1.731944980579723e+165 108
1757463084960 7.987269558039708e+166 109
1757463085020 1.9300822276092047e+169 110
1757463085082 3.647979353830968e+168 111
1757463085141 6.397916681566872e+171 112
1757463085211 4.778830236112689e+173 113
1757463085284 1.3702414845399612e+175 114
1757463085350 4.930606376718921e+176 115
1757463085436 1.3866361911247429e+178 116
1757463085513 4.4629903091382155e+179 117
1757463085571 1.020396473193905e+182 118
1757463085638 5.403835301533765e+182 119
1757463085699 2.4441064758596344e+184 120
1757463085756 5.492515444485032e+185 121
1757463085849 9.905004021777223e+186 122
1757463085938 4.864254233081877e+188 123
1757463086120 2.0067372187205336e+191 124
1757463086194 8.586282822414504e+192 125
1757463086249 1.420432503740938e+193 126
1757463086332 9.00758927144916e+194 127
1757463086414 2.320240818529477e+196 128
1757463086472 2.856398016240101e+198 129
1757463086548 4.806093694289496e+199 130
1757463086606 2.441905747900276e+202 131
1757463086672 3.8129296696205742e+202 132
1757463086737 1.4727631475283425e+204 133
1757463086803 1.501778385782106e+206 134
1757463086862 3.807860701813792e+207 135
1757463086933 4.4107014770374256e+210 136
1757463087015 5.529472233656069e+211 137
1757463087086 9.885016643187202e+212 138
1757463087155 1.9741507460391375e+214 139
1757463087223 2.6458901338166973e+215 140
1757463087295 5.787625859706693e+217 141
1757463087358 1.1483609988439974e+218 142
1757463087413 1.6921371229818661e+220 143
1757463087487 4.4452021078498134e+220 144
1757463087560 1.0590663102711022e+224 145
1757463087623 4.821782488413305e+224 146
1757463087684 9.841589300927954e+226 147
1757463087739 5.738012354942681e+228 148
1757463087810 5.8289187124705375e+228 149
1757463087872 8.820199262947409e+230 150
1757463087939 6.520394490907201e+232 151
1757463088021 8.064473623263018e+231 152
1757463088087 6.683687786341577e+235 153
1757463088150 2.0447857974947904e+237 154
1757463088221 2.388615472089221e+239 155
1757463088295 2.0803262263718114e+241 156
1757463088358 1.5560034014059746e+242 157
1757463088446 1.0150969950419807e+244 158
1757463088541 2.0870429186909434e+246 159
1757463088603 2.21031006059725e+247 160
1757463088667 4.2526360917552454e+248 161
1757463088755 2.7599155643616275e+245 162
1757463088826 7.590275646715018e+251 163
1757463088886 1.4749718686755353e+253 164
1757463088956 5.598422644908798e+254 165
1757463089014 6.445876196972039e+255 166
1757463089079 6.936744103792106e+257 167
1757463089145 5.8446492036377585e+259 168
1757463089211 2.5641233386526062e+261 169
1757463089280 5.907755059736251e+261 170
1757463089347 7.51243364952561e+263 171
1757463089410 9.853875344498843e+265 172
1757463089502 6.823619520535763e+264 173
1757463089566 1.1830436668601972e+266 174
1757463089632 2.758859078580377e+270 175
1757463089703 6.6163338039362605e+271 176
1757463089774 6.432068505324821e+273 177
1757463089862 5.318877313179306e+274 178
1757463089931 6.576804281984081e+276 179
1757463089995 2.5512862916048136e+278 180
1757463090075 4.287717077092225e+278 181
1757463090147 7.25191861361788e+281 182
1757463090227 3.444372701670518e+283 183
1757463090291 9.447491488666215e+283 184
1757463090356 3.150046353368573e+285 185
1757463090430 5.653498208656358e+287 186
1757463090491 7.479446417962898e+288 187
1757463090564 3.6391006067247485e+290 188
1757463090627 2.4583143187465652e+291 189
1757463090697 2.094012136876798e+293 190
1757463090764 2.554603143227861e+295 191
1757463090830 4.729934927588918e+296 192
1757463090896 3.937211133957888e+298 193
1757463090954 7.452326155932203e+300 194
1757463091052 7.316382877485055e+301 195
1757463091119 2.1707229053842403e+303 196
1757463091186 1.2940310174605972e+304 197
1757463091253 4.193371896361213e+306 198
