1757462340940 181.4890264922739 0
1757462340987 250.22056060749466 1
1757462341026 156.65151125016575 2
1757462341067 171.22230195217418 3
1757462341106 299.8257226365197 4
1757462341167 36287.36090187613 5
1757462341203 389543.1998286325 6
1757462341236 791047.059653669 7
1757462341272 300151715.55595654 8
1757462341307 51494549723.59912 9
1757462341349 9210438267994.2 10
1757462341396 7201025314804.85 11
1757462341448 28150466241752.043 12
1757462341498 7544567948822382.0 13
1757462341537 3.430716197963687e+17 14
1757462341580 1.9235287687099978e+18 15
1757462341617 1.3930159027548386e+20 16
1757462341654 3.6592243477524665e+21 17
1757462341690 2.3993413184116754e+23 18
1757462341734 2.3562600185741706e+24 19
1757462341768 1.6106526944119777e+26 20
1757462341804 1.673728285717734e+28 21
1757462341842 5.64158468440827e+28 22
1757462341873 3.7079677176007865e+31 23
1757462341912 7.579627440339246e+31 24
1757462341950 2.5214543258888363e+33 25
1757462341985 1.7287609900806748e+35 26
1757462342028 5.484673501639899e+37 27
1757462342077 9.728799532030363e+37 28
1757462342123 3.482842562119097e+40 29
1757462342181 1.7319658821972935e+40 30
1757462342235 1.7144660071564103e+42 31
1757462342274 1.1777533521726206e+43 32
1757462342331 1.2177552138862417e+44 33
1757462342374 3.9076940242163975e+47 34
1757462342413 2.503461779518119e+48 35
1757462342457 5.588756206355868e+49 36
1757462342491 3.192798104933896e+51 37
1757462342523 2.324359557490334e+53 38
1757462342563 2.2720289285665427e+53 39
1757462342602 1.9455753096843267e+55 40
1757462342664 2.7008904255657273e+56 41
1757462342734 4.309947877965603e+55 42
1757462342785 1.4384029691272661e+60 43
1757462342829 9.922432534417306e+60 44
1757462342881 3.833729063310956e+62 45
1757462342915 1.748710127529741e+63 46
1757462342964 1.0310768732461762e+65 47
1757462343007 4.8591049989484835e+66 48
1757462343057 1.0565586718646071e+68 49
1757462343098 9.043198884093219e+69 50
1757462343139 1.3296018408904495e+71 51
1757462343191 1.216924243646231e+69 52
1757462343235 7.564380976747964e+72 53
1757462343277 3.872907041068441e+75 54
1757462343320 2.3937973304681925e+76 55
1757462343369 9.705121551350122e+76 56
1757462343429 7.516651799111192e+79 57
1757462343461 8.763367875717492e+80 58
1757462343505 3.5813454682171424e+82 59
1757462343548 2.349515504486995e+84 60
1757462343595 8.261550248185497e+85 61
1757462343636 6.863432239602794e+86 62
1757462343673 4.4022293622523416e+88 63
1757462343711 2.2274733584066475e+89 64
1757462343752 3.80057936858271e+91 65
1757462343792 1.5293064177484745e+93 66
1757462343841 1.2932767129836479e+94 67
1757462343887 7.541679666295356e+96 68
1757462343923 5.014313153075196e+97 69
1757462343967 5.1856945956448716e+98 70
1757462344001 1.0389077177601346e+97 71
1757462344039 1.3530406982067382e+102 72
1757462344083 1.256701551548408e+103 73
1757462344125 3.547560430965167e+104 74
1757462344166 5.871608680161455e+105 75
1757462344209 3.9064794394212434e+107 76
1757462344251 1.773882667696056e+108 77
1757462344318 1.0022089262979391e+111 78
1757462344364 1.9448192137463327e+112 79
1757462344411 4.515296431252104e+113 80
1757462344453 1.0863154902591024e+115 81
1757462344498 1.418463962077732e+116 82
1757462344552 4.1620996890142e+117 83
1757462344590 7.537638114261941e+118 84
1757462344634 8.045183877044835e+120 85
1757462344666 2.0531501761202003e+121 86
1757462344716 1.072229694290016e+124 87
1757462344761 1.5745408918328171e+124 88
1757462344806 2.412217022771513e+126 89
1757462344858 4.658868559694193e+128 90
1757462344905 5.137320323724727e+129 91
1757462344965 5.79366810959421e+130 92
1757462345012 1.5352791713819055e+132 93
1757462345060 9.402378780290416e+133 94
1757462345101 1.808781099291706e+135 95
1757462345150 6.106119429270621e+136 96
1757462345184 2.8671392108238278e+138 97
1757462345219 1.5066798429101453e+140 98
1757462345265 1.3896515162910859e+141 99
1757462345310 2.108089611157044e+142 100
1757462345356 2.411486395859168e+144 101
1757462345398 5.169187446003198e+143 102
1757462345443 1.1559001176143035e+147 103
1757462345479 5.053767471638136e+148 104
1757462345528 1.8932625629047857e+150 105
1757462345566 5.806382053678427e+151 106
1757462345614 6.248406479162889e+153 107
1757462345657 1.2757647234374245e+154 108
1757462345710 5.359036107686521e+155 109
1757462345759 2.5901240226106793e+157 110
1757462345797 7.627396069224565e+158 111
1757462345827 1.627362069540103e+160 112
1757462345868 5.853055548793843e+161 113
1757462345909 9.16412295421126e+162 114
1757462345940 2.14786080457904e+164 115
1757462345988 1.1303327783511232e+166 116
1757462346028 4.627959239065488e+167 117
1757462346081 4.61175360569924e+168 118
1757462346117 3.8626487933975166e+169 119
1757462346162 3.0829728403172192e+171 120
1757462346204 5.605909182339313e+172 121
1757462346241 3.994203354017295e+174 122
1757462346284 1.5889399685927748e+176 123
1757462346323 1.088863448491009e+178 124
1757462346365 5.322407019106165e+178 125
1757462346410 8.853887699290406e+180 126
1757462346441 2.1470421452415106e+182 127
1757462346479 1.895202703282951e+182 128
1757462346509 1.900242727840172e+185 129
1757462346549 2.883464847286773e+187 130
1757462346585 9.79331456092097e+188 131
1757462346615 1.8548238666213333e+189 132
1757462346645 1.827709588345286e+191 133
1757462346675 4.606031910356505e+192 134
1757462346710 4.7924238719804466e+194 135
1757462346742 2.4964981164214554e+196 136
1757462346783 2.206318402470107e+196 137
1757462346833 1.9487682094264704e+198 138
1757462346874 4.005907504615108e+199 139
1757462346915 8.23298706053256e+200 140
1757462346962 3.1415637586457526e+203 141
1757462347013 7.405261320867066e+203 142
1757462347059 2.901589912823607e+205 143
1757462347095 9.209881951065917e+205 144
1757462347146 5.546587821275098e+208 145
1757462347187 6.342039634506665e+208 146
1757462347242 1.9833966872287618e+211 147
1757462347283 1.4371527876670237e+213 148
1757462347324 7.599065406996757e+213 149
1757462347355 3.1065392020029735e+216 150
1757462347394 1.7716819435359157e+217 151
1757462347438 8.276878719006098e+218 152
1757462347475 1.3153512917223025e+219 153
1757462347514 3.02087085921073e+220 154
1757462347559 1.9447123293982452e+223 155
1757462347603 2.5207882711933685e+226 156
1757462347634 2.0686694099515777e+223 157
1757462347693 7.578774825437671e+228 158
1757462347744 7.383814346802142e+228 159
1757462347786 8.035005172065399e+229 160
1757462347825 3.0085975768305688e+231 161
1757462347872 2.5669577778004067e+233 162
1757462347914 3.235360431974389e+234 163
1757462347964 1.6848551460049466e+236 164
1757462348010 3.1692542671070873e+234 165
1757462348064 3.912615277324668e+237 166
1757462348111 1.8914000915423142e+240 167
1757462348153 3.3172931649071255e+241 168
1757462348188 6.333082707949095e+243 169
1757462348236 5.66122242407908e+245 170
1757462348274 8.391339331444933e+243 171
1757462348317 5.01198025977865e+247 172
1757462348367 1.3850528010016658e+249 173
1757462348412 6.394769841597022e+248 174
1757462348463 1.2407031277114093e+252 175
1757462348497 2.5461263936858096e+253 176
1757462348541 2.5181548534344255e+255 177
1757462348577 4.112490376669931e+256 178
1757462348618 2.7221790796376093e+258 179
1757462348664 6.329811075916871e+258 180
1757462348706 5.0128419906873095e+261 181
1757462348751 2.275576535953192e+261 182
1757462348797 7.183626420183212e+263 183
1757462348853 1.3285045559013142e+265 184
1757462348890 4.134983344874485e+267 185
1757462348930 3.647644927663024e+267 186
1757462348963 4.6390825723795896e+269 187
1757462349013 1.3726821692583326e+269 188
1757462349054 3.099272251634021e+271 189
1757462349100 2.201707040126646e+273 190
1757462349172 3.051890048316819e+275 191
1757462349204 5.740513895951586e+276 192
1757462349249 2.363892204304136e+278 193
1757462349297 6.847722273657864e+278 194
1757462349340 4.839902091180205e+281 195
1757462349391 3.713675056389908e+282 196
1757462349436 8.046588891051689e+284 197
1757462349482 5.368051924879496e+282 198
1757462349542 2.369164958077595e+286 199
1757462349587 5.094777466248079e+288 200
1757462349636 1.953839555285645e+289 201
1757462349676 1.3515690960496066e+291 202
1757462349725 3.485293398135796e+293 203
1757462349772 6.616567711489209e+294 204
1757462349815 8.392393260490041e+295 205
1757462349867 1.465607914489688e+299 206
1757462349923 1.835595612181075e+299 207
1757462349986 5.918003871734753e+300 208
1757462350026 2.1075550181608518e+300 209
1757462350072 1.9958825919430954e+304 210
1757462350114 5.977415056882411e+304 211
1757462350160 2.6909642562980576e+306 212
1757462350199 3.587573760595166e+305 213
