1757462725882 2454826821543.519 0
1757462725931 1.0641330135597213e+22 1
1757462725975 1.2422923977850996e+35 2
1757462726060 7.685168625867447e+44 3
1757462726124 7.76938429534208e+55 4
1757462726174 7.866602320306217e+67 5
1757462726227 2.482119197433489e+79 6
1757462726267 8.960314023750454e+89 7
1757462726333 2.557930717555359e+101 8
1757462726396 1.8799680282392481e+112 9
1757462726450 2.378023829044752e+124 10
1757462726494 5.545391328434328e+133 11
1757462726551 3.0290160239818022e+144 12
1757462726597 2.3079695200392738e+155 13
1757462726652 2.0098394259826798e+167 14
1757462726706 4.876777521128657e+177 15
1757462726776 7.539668696043382e+185 16
1757462726829 4.295509152938186e+197 17
1757462726883 2.8731436292530562e+209 18
1757462726935 7.998007761783376e+219 19
1757462726985 2.2867249474400418e+232 20
1757462727026 9.625617736019442e+242 21
1757462727085 7.271626107543107e+254 22
1757462727128 5.270797604208195e+259 23
1757462727219 2.6768872170262957e+271 24
1757462727268 5.562751855561911e+281 25
1757462727322 8.422505533206801e+292 26
1757462727364 2.5354404666110895e+303 27
1757462727420 inf 28
