1757462555658 176.62358722476586 0
1757462555667 171.20117086925126 1
1757462555673 165.13559255699573 2
1757462555682 168.59513709240517 3
1757462555696 169.0374630677354 4
1757462555702 170.31471590931028 5
1757462555713 167.5052988604904 6
1757462555733 170.31575294078286 7
1757462555741 168.2531854596514 8
1757462555748 169.1291199262898 9
1757462555755 178.03722320180313 10
1757462555768 174.5223638906392 11
1757462555775 166.64916768200615 12
1757462555783 170.1597950603722 13
1757462555789 173.53969547079157 14
1757462555798 169.30632826880807 15
1757462555807 169.52578386757432 16
1757462555819 169.69501271669566 17
1757462555833 166.25434196166935 18
1757462555842 170.24783410854377 19
1757462555868 175.13696023430091 20
1757462555899 174.0124400288544 21
1757462555913 171.1086844271674 22
1757462555920 176.81811281684648 23
1757462555933 174.07954561002603 24
1757462555950 168.81382584247427 25
1757462555958 169.13147191006576 26
1757462555968 166.8221453226019 27
1757462555978 169.3916784125431 28
1757462556001 169.35314374791628 29
1757462556015 162.81705691447902 30
1757462556027 174.34990426651387 31
1757462556044 171.90111482722327 32
1757462556052 167.0226939304488 33
1757462556062 171.05865088490935 34
1757462556077 166.24082725493085 35
1757462556084 178.46786760723003 36
1757462556091 174.56976501330402 37
1757462556104 167.69900957963992 38
1757462556115 170.42167656957471 39
1757462556123 167.65674316587766 40
1757462556147 165.50013978420557 41
1757462556168 170.72546731669541 42
1757462556179 167.83410888995593 43
1757462556186 172.44908656209554 44
1757462556202 167.14678063083852 45
1757462556223 169.27998418443772 46
1757462556245 161.0478718366954 47
1757462556262 174.89111863302745 48
1757462556282 170.73975125135084 49
1757462556290 168.99582505429126 50
1757462556307 171.19585982210975 51
1757462556315 170.03786402369263 52
1757462556328 168.73632201753577 53
1757462556342 165.15784637981002 54
1757462556350 169.32305105791568 55
1757462556374 169.38154268250787 56
1757462556383 167.07942537876696 57
1757462556391 171.08108348958064 58
1757462556406 167.5057894042866 59
1757462556413 170.21731640223067 60
1757462556425 173.78714415044962 61
1757462556443 168.21076023402512 62
1757462556451 167.171259864955 63
1757462556458 167.34626727903873 64
1757462556468 166.72128521309511 65
1757462556479 176.07026864525037 66
1757462556494 168.85539770117487 67
1757462556504 165.88280751069104 68
1757462556521 164.77540793077284 69
1757462556537 169.74329923303193 70
1757462556544 170.2022115812527 71
1757462556569 169.50648804741502 72
1757462556579 174.65057101905532 73
1757462556587 167.38394265247706 74
1757462556600 165.13950930885676 75
1757462556635 166.07881395997308 76
1757462556652 168.96594007386943 77
1757462556678 170.15379654419613 78
1757462556687 168.7509643587582 79
1757462556705 170.47291745729427 80
1757462556714 174.65465227014667 81
1757462556722 164.71138165557252 82
1757462556742 162.53253056566638 83
1757462556755 159.69462194186764 84
1757462556767 169.71873599580326 85
1757462556776 173.14612132896136 86
1757462556786 168.092462450575 87
1757462556801 167.26298483087194 88
1757462556814 164.9856103316482 89
1757462556822 167.17215614748963 90
1757462556836 169.56774716358498 91
1757462556852 168.37910881593427 92
1757462556862 169.3291972715273 93
1757462556871 166.6590966089033 94
1757462556887 166.2458996523332 95
1757462556903 168.98752366381134 96
1757462556917 172.11953101495132 97
1757462556926 167.97839363407903 98
1757462556937 178.95202581986766 99
1757462556947 168.41085510163037 100
1757462556961 177.44614282981192 101
1757462556969 172.02475788964716 102
1757462556983 168.78533797319983 103
1757462556992 167.25292200108765 104
1757462557001 171.16283413448755 105
1757462557010 168.5316919856837 106
1757462557025 168.04881730779664 107
1757462557035 164.49410659958008 108
1757462557045 172.36329113035248 109
1757462557059 170.36800673497567 110
1757462557077 171.12556969547634 111
1757462557090 166.80230527911303 112
1757462557103 171.96900220312705 113
1757462557116 167.58836544226992 114
1757462557126 175.83037143881765 115
1757462557139 165.37325810156958 116
1757462557154 170.2644209977467 117
1757462557167 169.19146911430317 118
1757462557178 172.13892645217504 119
1757462557191 168.9595086994939 120
1757462557203 175.22929256215056 121
1757462557216 169.02007845747647 122
1757462557234 167.22468487692043 123
1757462557254 165.23810469609595 124
1757462557269 169.2552706662573 125
1757462557281 172.72860201158818 126
1757462557295 167.5184982744649 127
1757462557316 167.72185244372858 128
1757462557324 166.40700239595404 129
1757462557333 175.67351309923706 130
1757462557354 168.98668886320112 131
1757462557373 163.68622927668133 132
1757462557392 173.12761297309115 133
1757462557402 168.20055922890182 134
1757462557415 174.30574159890364 135
1757462557424 176.61388413007603 136
1757462557443 170.24057842884577 137
1757462557460 170.41009581830235 138
1757462557479 169.39917217716794 139
1757462557490 168.4590103176103 140
1757462557505 170.69796974325888 141
1757462557521 171.04422730311526 142
1757462557530 168.0889040773836 143
1757462557543 166.24297090491896 144
1757462557557 177.14566167031208 145
1757462557568 170.31009422863517 146
1757462557579 178.83441457838754 147
1757462557588 167.50926702478193 148
1757462557605 168.58865225384739 149
1757462557625 170.6078109084259 150
1757462557640 164.95942521261898 151
1757462557651 166.13715717702115 152
1757462557668 172.17157668577096 153
1757462557680 173.98704377988926 154
1757462557689 168.42164202494757 155
1757462557705 168.24318896292164 156
1757462557730 170.52100863008025 157
1757462557741 169.9263370011051 158
1757462557752 165.24527461553265 159
1757462557763 173.0862793471041 160
1757462557773 173.39219716221646 161
1757462557783 168.90085245484983 162
1757462557793 165.38891846851288 163
1757462557803 174.44702836177038 164
1757462557816 167.68094496645907 165
1757462557833 173.8270518889918 166
1757462557846 169.47513051944887 167
1757462557855 167.7059467237722 168
1757462557882 164.14886060157514 169
1757462557898 168.74654826097992 170
1757462557910 166.1201504755078 171
1757462557925 170.0231503222299 172
1757462557939 177.4561869197942 173
1757462557951 174.18418668643386 174
1757462557961 174.3376649834501 175
1757462557977 163.71414759142672 176
1757462557987 169.3112176270325 177
1757462558015 167.4427440544242 178
1757462558025 171.5385174531041 179
1757462558043 173.0116178663118 180
1757462558061 168.25111152262073 181
1757462558070 164.27450528500626 182
1757462558083 166.52028068566221 183
1757462558110 164.37272032723803 184
1757462558121 168.93607643194295 185
1757462558143 171.9882416793514 186
1757462558154 168.38173054116785 187
1757462558177 168.819005868205 188
1757462558194 167.1899698358831 189
1757462558221 166.02543055992558 190
1757462558245 168.804490225547 191
1757462558256 173.50217261627026 192
1757462558272 160.80469797872254 193
1757462558292 169.0453284251198 194
1757462558324 178.68848371487903 195
1757462558334 172.0718637472256 196
1757462558345 166.75191092896574 197
1757462558357 172.4197263066104 198
1757462558372 171.79438613151302 199
1757462558390 171.3538799100727 200
1757462558400 172.36037160093176 201
1757462558412 170.76614961713793 202
1757462558427 168.37185890735776 203
1757462558438 167.2344923020911 204
1757462558449 171.86127965322646 205
1757462558471 166.78252055223348 206
1757462558489 172.44152317899932 207
1757462558504 167.64279729414756 208
1757462558522 170.88841740495633 209
1757462558537 167.62754005806627 210
1757462558566 170.75249959692349 211
1757462558581 167.79923832578044 212
1757462558598 172.7377334509046 213
1757462558636 162.56241735720116 214
1757462558654 175.9874472293675 215
1757462558670 180.41159145645278 216
1757462558685 169.13367116812233 217
1757462558723 171.0395324704155 218
1757462558736 168.02944683120603 219
1757462558750 165.4559519617099 220
1757462558766 168.67607457126178 221
1757462558778 170.74858292670086 222
1757462558788 169.50962829330481 223
1757462558808 169.20861414789374 224
1757462558828 174.39974508832734 225
1757462558838 165.06020303959917 226
1757462558854 167.20426606339043 227
1757462558872 173.1243641644795 228
1757462558888 174.87246664746553 229
1757462558904 171.59137827093554 230
1757462558926 166.71195441613975 231
1757462558936 174.64638951745889 232
1757462558950 168.21736803268294 233
1757462558970 173.59892584849942 234
1757462558985 165.8552106559626 235
1757462559006 165.2323945595702 236
1757462559025 171.95069080595465 237
1757462559047 172.1582242641634 238
1757462559065 168.53592177595365 239
1757462559080 163.50427963377544 240
1757462559106 169.97768099237342 241
1757462559128 178.69200507449418 242
1757462559152 170.94205116528232 243
1757462559163 174.07225834682527 244
1757462559181 166.67045903227725 245
1757462559197 171.49954869650264 246
1757462559216 172.55166459758672 247
1757462559237 167.31885193183336 248
1757462559250 162.3265879106994 249
1757462559269 162.8041696919863 250
1757462559280 165.73524103179477 251
1757462559292 170.52693519947073 252
1757462559309 167.35429806714862 253
1757462559324 170.20909086545416 254
1757462559341 171.17115033299532 255
1757462559353 167.16716356598596 256
1757462559369 169.5030286426132 257
1757462559385 174.86553530096646 258
1757462559398 168.99858082491633 259
1757462559415 169.90978500805636 260
1757462559429 165.67165251034018 261
1757462559443 168.33282937995338 262
1757462559459 162.52769822908627 263
1757462559483 167.41486584552348 264
1757462559506 170.9072161749331 265
1757462559523 169.6970351130313 266
1757462559536 171.15751110373094 267
1757462559556 166.425052575322 268
1757462559572 173.67930701943752 269
1757462559594 168.4281217090509 270
1757462559615 175.5852409023388 271
1757462559639 169.36080509826712 272
1757462559651 173.14858000609345 273
1757462559677 171.72218315007908 274
1757462559692 167.150207004592 275
1757462559704 169.23600534006704 276
1757462559717 168.20587878205615 277
1757462559729 170.96910646524088 278
1757462559743 170.52320861046675 279
1757462559756 173.89919537515527 280
1757462559773 169.7436049669749 281
1757462559786 166.35534932304333 282
1757462559798 169.0797408624338 283
1757462559810 168.21712567770464 284
1757462559831 162.42890636707227 285
1757462559857 168.93005635976 286
1757462559872 165.40025055900534 287
1757462559884 168.73736211817425 288
1757462559899 169.38582442410447 289
1757462559924 170.01756830829163 290
1757462559945 170.56400184801072 291
1757462559964 166.92688096567153 292
1757462559985 173.6975680135401 293
1757462560000 168.00947251840444 294
1757462560020 172.74321125944493 295
1757462560037 166.1583882702954 296
1757462560055 171.9667343968022 297
1757462560075 171.18141987582575 298
1757462560094 170.21079483686904 299
1757462560111 170.8854329055077 300
1757462560130 162.77296217809769 301
1757462560155 169.77621365553784 302
1757462560170 179.68157568523552 303
1757462560188 173.82756387637602 304
1757462560202 171.1780553841285 305
1757462560217 174.45860481691332 306
1757462560235 171.20233544347616 307
1757462560248 169.70316150739276 308
1757462560273 165.5549729813821 309
1757462560293 172.86980207935568 310
1757462560305 171.52045531722095 311
1757462560319 165.77002626802084 312
1757462560332 170.51201805347662 313
1757462560345 167.75819772820364 314
1757462560359 169.76987785202184 315
1757462560372 168.454497995662 316
1757462560394 167.02181325065186 317
1757462560408 165.0069382864278 318
1757462560426 166.7285650772048 319
1757462560443 169.70754893036667 320
1757462560456 169.0136065507319 321
1757462560475 172.65838382139844 322
1757462560487 170.60456564322737 323
1757462560502 167.79742766356745 324
1757462560517 172.0684902016957 325
1757462560529 166.01722933713407 326
1757462560542 171.16911185699726 327
1757462560556 173.24178110747755 328
1757462560578 169.18190939726247 329
1757462560594 173.1829235281606 330
1757462560610 171.770478426118 331
1757462560635 172.28754389064326 332
1757462560652 164.68092332266718 333
1757462560669 170.01331940039418 334
1757462560687 169.10919924300768 335
1757462560703 166.19016542064148 336
1757462560720 169.44238030467716 337
1757462560738 165.74714950314166 338
1757462560761 169.2093518434042 339
1757462560775 167.19990392516016 340
1757462560795 171.88739277339943 341
1757462560811 171.1286104414036 342
1757462560825 176.0931315482212 343
1757462560844 173.87516650567315 344
1757462560866 167.91806512190865 345
1757462560885 173.02117071276624 346
1757462560912 170.02816914337052 347
1757462560938 168.9585576961401 348
1757462560962 173.6075350807796 349
1757462560981 159.56447087943553 350
1757462561002 169.78931935354117 351
1757462561019 169.92848652182718 352
1757462561034 167.94020290028925 353
1757462561052 174.74307866698848 354
1757462561071 170.83522320270282 355
1757462561091 164.15087525494314 356
1757462561112 166.86108695785998 357
1757462561129 168.1912739403727 358
1757462561151 167.63063515282332 359
1757462561177 170.16710470542677 360
1757462561201 167.7728500544146 361
1757462561215 167.28439724637994 362
1757462561232 174.6384837171525 363
1757462561245 166.00430136365534 364
1757462561260 169.4976597535687 365
1757462561274 168.6007167481181 366
1757462561295 165.55961798926248 367
1757462561310 169.36341356251887 368
1757462561325 172.75536020157725 369
1757462561339 172.08747841131998 370
1757462561354 163.81764823846893 371
1757462561367 171.37379846279018 372
1757462561387 169.09702338072168 373
1757462561407 175.02234222440245 374
1757462561423 167.2655445802899 375
1757462561442 168.5747228685122 376
1757462561464 169.31161899320642 377
1757462561490 164.30427295950557 378
1757462561513 173.98479695472503 379
1757462561537 165.79981398044686 380
1757462561556 166.04583522502517 381
1757462561577 172.16450964228156 382
1757462561602 171.18589838171826 383
1757462561629 172.81146828543277 384
1757462561651 167.49109476603985 385
1757462561691 171.0374328239129 386
1757462561704 178.07721824495687 387
1757462561719 167.63978223951628 388
1757462561736 178.62570057011155 389
1757462561757 164.88534915829973 390
1757462561793 164.1771088711942 391
1757462561809 171.52612714993057 392
1757462561828 169.16611063307207 393
1757462561842 168.185803434754 394
1757462561859 166.52255937526195 395
1757462561883 168.23990269746565 396
1757462561905 167.63055499211507 397
1757462561926 173.3300172286177 398
1757462561942 166.50136803053854 399
1757462561965 166.08379667304567 400
1757462561985 170.43873883779452 401
1757462562000 176.99683056967163 402
1757462562026 172.42476735452584 403
1757462562046 168.9909786567968 404
1757462562080 172.9934880564432 405
1757462562102 178.13172006275985 406
1757462562133 175.22913114962842 407
1757462562154 169.8407559091171 408
1757462562168 177.74062861287808 409
1757462562182 169.02714476627207 410
1757462562217 171.20125445740618 411
1757462562247 167.50762251812452 412
1757462562272 169.45929297614614 413
1757462562286 159.37246311943764 414
1757462562319 165.788822695699 415
1757462562340 171.837644938972 416
1757462562359 165.74406618406712 417
1757462562380 166.17406898563848 418
1757462562397 170.52088298010497 419
1757462562412 167.46922070417867 420
1757462562439 164.35158725955787 421
1757462562461 165.10517999989125 422
1757462562485 171.57565779869245 423
1757462562500 169.51886604738863 424
1757462562520 168.20823762550623 425
1757462562542 166.10742613554928 426
1757462562557 170.54981453370968 427
1757462562585 165.78809907194196 428
1757462562599 176.48052486707954 429
1757462562623 166.18703269153607 430
1757462562637 168.81291657836886 431
1757462562655 172.8191418826827 432
1757462562676 165.79318452117465 433
1757462562702 170.0842419424458 434
1757462562722 168.90642841430125 435
1757462562741 168.5691952335534 436
1757462562767 165.5567667828182 437
1757462562791 170.3520122582689 438
1757462562812 166.53716668712383 439
1757462562827 165.1382835980675 440
1757462562850 167.68277677543597 441
1757462562870 164.32208130160333 442
1757462562891 166.73431484909258 443
1757462562922 167.96812208843122 444
1757462562948 171.97291410946465 445
1757462562972 169.65822366034732 446
1757462562996 169.16891093465128 447
1757462563016 168.05854913214066 448
1757462563037 167.7118261543116 449
1757462563062 178.37008423493873 450
1757462563084 171.43710041607832 451
1757462563104 169.93314370144176 452
1757462563141 174.34104463199452 453
1757462563162 166.72103686482203 454
1757462563182 169.40260028341066 455
1757462563203 168.8869700998763 456
1757462563217 163.7126690112804 457
1757462563232 163.58087649144883 458
1757462563250 166.3897131349522 459
1757462563269 173.11761869721897 460
1757462563285 172.31182541221267 461
1757462563310 166.9296260964216 462
1757462563340 167.9632790286865 463
1757462563365 177.10108225636876 464
1757462563386 170.376033852505 465
1757462563415 165.3730030072271 466
1757462563438 165.17894020159687 467
1757462563461 175.44461083881174 468
1757462563491 158.03516533338228 469
1757462563508 167.2286311542144 470
1757462563537 163.68946241059763 471
1757462563554 172.3273783496606 472
1757462563580 169.57252135488258 473
1757462563595 165.0474850222817 474
1757462563612 164.67251596178718 475
1757462563645 171.088927634905 476
1757462563660 174.79214642551807 477
1757462563675 170.1722351453968 478
1757462563694 164.10509368964824 479
1757462563719 171.66137025639878 480
1757462563753 172.82279136883693 481
1757462563773 166.5832940778921 482
1757462563802 174.71233440100625 483
1757462563825 172.42201883589016 484
1757462563846 164.8459282296806 485
1757462563867 165.60534357322587 486
1757462563892 169.10049041881925 487
1757462563908 171.74785631111826 488
1757462563929 164.24460375908953 489
1757462563953 173.8011264536987 490
1757462563982 171.32044481018008 491
1757462564009 169.0536583491811 492
1757462564028 166.17453099803086 493
1757462564049 169.0822153705394 494
1757462564075 166.29045882522303 495
1757462564101 168.30562756148936 496
1757462564129 171.1572953817473 497
1757462564145 166.45590662513402 498
1757462564172 171.0212218645358 499
