1757462536512 169.4136113506906 0
1757462536523 171.3500165160447 1
1757462536530 168.0046919599975 2
1757462536540 173.02308815110402 3
1757462536556 172.31586437999738 4
1757462536569 168.49867768232457 5
1757462536579 172.79622208608916 6
1757462536595 168.1424263659175 7
1757462536606 169.38813922935938 8
1757462536613 169.10574288740867 9
1757462536632 167.621386810843 10
1757462536640 170.11080964565636 11
1757462536648 166.75563836439872 12
1757462536662 171.75959303106217 13
1757462536687 160.57811029287515 14
1757462536693 169.24188258040394 15
1757462536709 164.93827985953703 16
1757462536717 166.24459781135894 17
1757462536736 170.53038559639702 18
1757462536758 170.22570960875797 19
1757462536771 165.7359376712144 20
1757462536778 168.8441052110236 21
1757462536785 170.1544036046559 22
1757462536795 167.51384827740063 23
1757462536808 164.55605258448628 24
1757462536817 168.83496533186909 25
1757462536824 166.0986538055883 26
1757462536843 164.96926867379065 27
1757462536851 169.3377694401846 28
1757462536862 168.75729439304362 29
1757462536876 162.75833558381342 30
1757462536889 167.80091633346638 31
1757462536900 169.84821446249336 32
1757462536908 169.7924106579446 33
1757462536919 162.84908951095136 34
1757462536932 173.58566766801832 35
1757462536939 166.1357415376391 36
1757462536951 168.78327294266552 37
1757462536958 168.15981939001122 38
1757462536965 168.2185454705208 39
1757462536973 169.80268278874186 40
1757462536982 168.0863407886424 41
1757462536990 162.43676284661944 42
1757462537000 167.8787776147088 43
1757462537007 170.3035043368641 44
