1757462650315 162.18388662728736 0
1757462650374 138.54128101364793 1
1757462650434 225.76690216626503 2
1757462650498 69.32102074218766 3
1757462650555 1392.8589566090807 4
1757462650604 2366.89774158085 5
1757462650657 843747.4833955325 6
1757462650702 7527650.363731671 7
1757462650757 589607456.8345265 8
1757462650807 94621165499.07568 9
1757462650862 95514425031.78192 10
1757462650906 18676217698464.14 11
1757462650965 389135016998682.06 12
1757462651039 1005263719399642.1 13
1757462651111 1.0002749533546221e+18 14
1757462651154 2.1821207535046414e+19 15
1757462651212 4.423456320023886e+20 16
1757462651270 5.220407051024508e+21 17
1757462651320 1.2368022073602292e+23 18
1757462651380 1.623577130964666e+24 19
1757462651446 1.2790276905106528e+26 20
1757462651514 1.267016825821187e+28 21
1757462651628 8.790734881030382e+28 22
1757462651671 7.582851469986361e+29 23
1757462651718 3.979770236750013e+30 24
1757462651769 1.3526626558609178e+33 25
1757462651807 3.573364007999406e+34 26
1757462651860 7.62189095180068e+35 27
1757462651903 2.7990853924645962e+38 28
1757462651958 2.809459816265341e+39 29
1757462652013 5.7276411684839e+39 30
1757462652067 3.108179759922451e+43 31
1757462652115 1.8675188997469463e+43 32
1757462652169 4.7390495600945e+45 33
1757462652223 2.363512032030934e+46 34
1757462652265 3.6898536622392034e+48 35
1757462652324 5.801765722336649e+49 36
1757462652418 8.617925203166927e+46 37
1757462652468 6.051302897174686e+52 38
1757462652512 4.789285052596529e+53 39
1757462652563 1.5354970793840946e+55 40
1757462652613 7.153648856179984e+56 41
1757462652672 1.4538289682229817e+56 42
1757462652727 6.589099389443115e+59 43
1757462652780 9.681294878906194e+59 44
1757462652828 2.2232794407243144e+62 45
1757462652885 6.694097300663072e+64 46
1757462652945 2.2791357613260423e+65 47
1757462653006 1.2895503175469942e+67 48
1757462653102 4.176550690178126e+67 49
1757462653187 1.22035453489563e+70 50
1757462653256 5.99754112316406e+71 51
1757462653303 6.43825293605255e+72 52
1757462653359 6.595694000197897e+74 53
1757462653414 3.8463870130149884e+75 54
1757462653466 2.272864520017731e+77 55
1757462653513 4.397781671433433e+78 56
1757462653566 1.5731282999767755e+80 57
1757462653624 2.955691070886465e+80 58
1757462653676 1.5097423090185297e+83 59
1757462653735 1.2455977151026228e+85 60
1757462653792 2.8744514449284917e+85 61
1757462653841 2.8746801677681947e+87 62
1757462653892 1.5263277125022553e+89 63
1757462653944 1.8185119733757097e+91 64
1757462653998 3.412823716534495e+91 65
1757462654050 4.182910942649988e+93 66
1757462654095 5.340289653490923e+94 67
1757462654155 1.236607364747182e+96 68
1757462654212 1.185275365523552e+98 69
1757462654268 2.1856326711571083e+99 70
1757462654347 2.276657869647016e+101 71
1757462654410 5.3807311173871114e+103 72
1757462654454 3.319127023073675e+103 73
1757462654508 5.5625458054069436e+104 74
1757462654572 1.5104280280535792e+107 75
1757462654662 4.3890298814693644e+107 76
1757462654757 1.1112523835751482e+109 77
1757462654809 1.2087974716535787e+111 78
1757462654865 2.3798926238859937e+112 79
1757462654919 1.7060894471236613e+114 80
1757462654970 7.711680296782713e+114 81
1757462655037 6.335756487457755e+116 82
1757462655092 2.898542429183692e+119 83
1757462655135 1.997360411486715e+119 84
1757462655185 1.3162913050807342e+122 85
1757462655232 3.0664767212755687e+122 86
1757462655306 1.0740822527385231e+124 87
1757462655366 2.0465235732668064e+125 88
1757462655421 1.4203059173868286e+127 89
1757462655471 2.2164415158104228e+128 90
1757462655553 2.059311412499536e+129 91
1757462655615 5.57715000503493e+131 92
1757462655667 3.201201565875052e+132 93
1757462655723 1.807273190762047e+132 94
1757462655772 6.264569122588373e+135 95
1757462655834 1.0258131674392151e+137 96
1757462655883 4.15317378300085e+138 97
1757462655930 5.960903400923847e+139 98
1757462655986 2.525572009034606e+141 99
1757462656036 1.5551698627875609e+143 100
1757462656082 2.4601200801590494e+144 101
1757462656146 1.5636775291726335e+146 102
1757462656209 4.023024452376216e+147 103
1757462656264 4.1150808897878054e+148 104
1757462656323 2.6033722930659314e+150 105
1757462656366 4.692936455328138e+151 106
1757462656408 8.943171996523966e+152 107
1757462656445 8.591266777838847e+153 108
1757462656492 1.0781187825326953e+156 109
1757462656542 2.2647981965073506e+157 110
1757462656600 1.1861597925988354e+159 111
1757462656668 1.1891919769837405e+158 112
1757462656713 2.8103184584868837e+161 113
1757462656764 2.901568883707043e+163 114
1757462656824 8.60114089812479e+164 115
1757462656879 3.98188198769597e+166 116
1757462656933 6.68733451490471e+167 117
1757462656985 1.4654490637056236e+169 118
1757462657072 4.583991782497971e+170 119
1757462657130 1.2762521182359353e+172 120
1757462657196 1.1389193606753848e+173 121
1757462657271 6.0997292068892575e+174 122
1757462657341 1.1972973353887694e+177 123
1757462657426 7.047250624947583e+177 124
1757462657492 3.1120348883212796e+179 125
1757462657549 1.0562585682317145e+181 126
1757462657600 4.986245151519132e+182 127
1757462657669 1.670535233967611e+184 128
1757462657742 2.247676949549524e+185 129
1757462657790 4.09876183807882e+187 130
1757462657841 1.3461410749869797e+189 131
1757462657901 4.711123009158821e+189 132
1757462657957 4.549857584852998e+188 133
1757462658035 9.597296453657608e+191 134
1757462658099 3.276113810118145e+193 135
1757462658155 1.6393260248727228e+195 136
1757462658211 4.353449326240535e+195 137
1757462658254 6.50802411852597e+197 138
1757462658314 7.390922497966325e+199 139
1757462658365 6.2126642009323365e+199 140
1757462658419 4.517827729827119e+202 141
1757462658466 2.3795103703378002e+204 142
1757462658528 1.1316985221478542e+205 143
1757462658576 1.3210492473440817e+207 144
1757462658628 4.130796290942776e+208 145
1757462658690 5.614076324862272e+209 146
1757462658751 3.1105562961014067e+211 147
1757462658813 8.856378986768693e+211 148
1757462658874 7.63847308987313e+213 149
1757462658923 4.8396176358837165e+215 150
1757462658978 3.305216982842742e+217 151
1757462659031 5.033880935648411e+218 152
1757462659082 4.934903253419349e+219 153
1757462659146 2.3502844873241774e+221 154
1757462659233 1.1818579436035338e+224 155
1757462659277 1.3030945046815675e+225 156
1757462659322 1.3824450055116786e+226 157
1757462659373 7.5572335289366086e+227 158
1757462659428 5.807252736147806e+229 159
1757462659478 1.1327307188898196e+231 160
1757462659553 1.1459047609468446e+232 161
1757462659605 3.0721301783019484e+233 162
1757462659660 1.8528165193586115e+236 163
1757462659717 2.978814311334479e+236 164
1757462659770 6.27962499998187e+236 165
1757462659814 2.67508307408084e+239 166
1757462659868 6.699508816962456e+240 167
1757462659929 4.9277020373903536e+241 168
1757462660001 1.6081106230059864e+245 169
1757462660060 2.0277911429802e+245 170
1757462660117 1.261432675820935e+247 171
1757462660170 6.611309425437944e+247 172
1757462660224 1.442231745061925e+249 173
1757462660283 7.608223508465294e+251 174
1757462660351 9.065133187446898e+250 175
1757462660412 2.5319876299794377e+253 176
1757462660458 1.064712804412979e+255 177
1757462660509 1.74700076015576e+256 178
1757462660571 3.2316388354838433e+258 179
1757462660622 1.4391997321550426e+260 180
1757462660687 6.696867090778237e+261 181
1757462660738 9.450569471820913e+262 182
1757462660792 1.238195018757544e+264 183
1757462660856 4.689598968940435e+265 184
1757462660901 2.1002535297065554e+267 185
1757462660948 3.7899547451487843e+267 186
1757462660992 4.9404255801250156e+269 187
1757462661049 5.573915500153396e+270 188
1757462661103 3.6932238610898417e+272 189
1757462661163 9.838852118598442e+273 190
1757462661221 9.283019341548389e+274 191
1757462661283 3.046994294335593e+278 192
1757462661370 6.606023122115563e+278 193
1757462661418 4.869844143794534e+280 194
1757462661472 2.5641519696582077e+281 195
1757462661527 5.720184361078982e+281 196
1757462661575 1.453003053650292e+284 197
1757462661660 3.157017840094735e+284 198
1757462661723 2.013645560749174e+287 199
1757462661827 5.905932728244042e+289 200
1757462661886 6.110852975831498e+290 201
1757462661946 2.740017711548803e+291 202
1757462661999 8.662284610660921e+294 203
1757462662045 6.06307417080095e+294 204
1757462662105 4.658483495645137e+297 205
1757462662170 7.999522676707671e+296 206
1757462662223 3.4905997878927074e+298 207
1757462662286 9.975104466043218e+299 208
1757462662342 7.102924863694862e+301 209
1757462662398 2.207564128736216e+302 210
1757462662451 5.552021231591212e+304 211
1757462662503 1.6157458897176912e+303 212
