1757462412760 88376736971.75735 0
1757462412806 2.95733543517888e+20 1
1757462412851 7.091978176984364e+31 2
1757462412891 3.9275304512650425e+41 3
1757462412933 8.566621328480297e+51 4
1757462412985 2.796374282870155e+62 5
1757462413021 3.640577417309002e+73 6
1757462413068 5.2773383544947115e+84 7
1757462413111 1.9155049780198568e+96 8
1757462413158 9.901210672882674e+106 9
1757462413198 7.096297669602183e+116 10
1757462413245 5.449923176058927e+126 11
1757462413278 9.716923625702196e+133 12
1757462413326 1.514117764082151e+148 13
1757462413370 6.543409108972045e+157 14
1757462413409 1.5989681661522812e+167 15
1757462413452 1.141871436070721e+179 16
1757462413494 1.7356662103889202e+190 17
1757462413546 9.303838034728242e+195 18
1757462413601 7.353969938719171e+212 19
1757462413654 3.240006167147671e+220 20
1757462413697 1.9103543017605085e+232 21
1757462413739 1.9147081482372566e+243 22
1757462413778 1.5827033075458773e+252 23
1757462413823 1.5339561627739023e+265 24
1757462413870 8.026690031126148e+271 25
1757462413925 6.052524227104432e+283 26
1757462414060 2.3583194664504542e+293 27
1757462414103 4.79791964979954e+304 28
1757462414140 inf 29
