1757462359604 173.94880823077065 0
1757462359649 155.89870593841664 1
1757462359689 167.11506969939418 2
1757462359726 183.01751006223816 3
1757462359789 173.60710181517854 4
1757462359840 142.90408744022264 5
1757462359890 168.77088318239683 6
1757462359918 167.9222346398671 7
1757462359948 170.83569886366888 8
1757462359982 155.27682577369558 9
1757462360027 149.59400803703676 10
1757462360071 175.81730442828157 11
1757462360104 176.08546870919366 12
1757462360145 165.26037641024763 13
1757462360188 177.26466689830008 14
1757462360228 188.64767238787076 15
1757462360264 164.66610743604892 16
1757462360311 176.58068135779808 17
1757462360350 178.2140856272317 18
1757462360393 201.58603930342713 19
1757462360429 177.28628680664033 20
1757462360473 184.1924401068993 21
1757462360512 178.01087249063593 22
1757462360555 181.9442370047912 23
1757462360592 158.60489090308315 24
1757462360633 128.11944239527404 25
1757462360690 188.5760621095537 26
1757462360738 189.07289330899772 27
1757462360775 168.51593625138972 28
1757462360826 148.41098284793816 29
1757462360886 169.1227334547257 30
1757462360922 156.95680871162924 31
1757462360972 166.1744956395589 32
1757462361014 158.76143457445443 33
1757462361045 183.2351603886569 34
1757462361083 160.8970157715752 35
1757462361122 166.86268882996131 36
1757462361173 142.2737950000868 37
1757462361214 158.47507172394242 38
1757462361254 156.2701451306704 39
1757462361293 148.19314319512566 40
1757462361330 174.09528694492786 41
1757462361378 163.08667849693808 42
1757462361409 126.69495006544153 43
1757462361450 149.134952191059 44
1757462361484 187.52678113899563 45
1757462361518 174.6222900086808 46
1757462361557 153.32653036501569 47
1757462361607 184.8494218239998 48
1757462361653 170.55214769197644 49
1757462361700 183.92814848069963 50
1757462361736 160.12769028987358 51
1757462361777 156.34246151724403 52
1757462361818 178.46683454507945 53
1757462361858 165.6742809951058 54
1757462361893 157.39630200069422 55
1757462361935 183.11625552568256 56
1757462361974 155.92782930632455 57
1757462362013 164.1808260895991 58
1757462362060 147.20577678755393 59
1757462362106 163.73468941680056 60
1757462362147 161.31263477752836 61
1757462362175 159.78945627953536 62
1757462362219 180.6579444298028 63
1757462362322 160.70690033234249 64
1757462362373 164.6217382632399 65
1757462362413 174.10167475547658 66
1757462362457 155.67551782531058 67
1757462362497 159.75247122132402 68
1757462362541 177.5726713496523 69
1757462362585 165.17679811325183 70
1757462362638 152.18029538756272 71
1757462362680 178.3296239605482 72
1757462362719 154.09498434139445 73
1757462362761 217.0271371438905 74
1757462362803 176.6374389780598 75
1757462362843 179.80750903252294 76
1757462362884 167.26764529963933 77
1757462362950 185.72788421107242 78
1757462362988 170.98917240288196 79
1757462363032 192.85418117543932 80
1757462363090 191.53658357844697 81
1757462363177 152.38992965647236 82
1757462363214 198.13013119854116 83
1757462363248 157.41962042499546 84
1757462363291 178.89414906710743 85
1757462363335 181.93912240892627 86
1757462363376 195.53560446409446 87
1757462363431 162.7352572197714 88
1757462363476 172.35945127643936 89
1757462363518 170.4067409677897 90
1757462363560 155.76542916259865 91
1757462363602 154.26590017807257 92
1757462363641 156.23174612766817 93
1757462363685 161.9760918392189 94
1757462363725 158.03708395023656 95
1757462363770 156.44309553530604 96
1757462363815 150.87267179692958 97
1757462363855 159.82722208742524 98
1757462363909 107.41356660763671 99
1757462363961 165.58045232608944 100
1757462364000 138.4851574774193 101
1757462364051 154.04745754432412 102
1757462364105 162.27099636191554 103
1757462364162 173.07621363581126 104
1757462364212 129.47942216722467 105
1757462364251 154.15264952615914 106
1757462364291 123.10816328280973 107
1757462364348 166.27518538357586 108
1757462364392 161.55862659361586 109
1757462364439 214.74082826117572 110
1757462364477 188.86133256721212 111
1757462364536 122.73875289563085 112
1757462364576 164.88564104017854 113
1757462364613 158.0818772886041 114
1757462364657 168.3682293780293 115
1757462364718 163.6250935543471 116
1757462364779 159.14552733038775 117
1757462364822 156.1097924556364 118
1757462364879 159.54529180360893 119
1757462364920 178.19580430663493 120
1757462364957 139.17429458416922 121
1757462365008 154.9759094082281 122
1757462365045 192.73977282446552 123
1757462365090 179.3744629637409 124
1757462365152 170.51246770382195 125
1757462365191 162.4814695843491 126
1757462365246 197.2113306004946 127
1757462365292 239.66635571408293 128
1757462365339 159.18099285744074 129
1757462365384 176.30339482601056 130
1757462365434 178.8505534549116 131
1757462365475 150.3363159656039 132
1757462365521 158.51011427653023 133
1757462365576 170.54143682700106 134
1757462365623 185.4171709485672 135
1757462365670 132.4853604263169 136
1757462365710 208.40414048689541 137
1757462365754 169.7327905867417 138
1757462365796 151.60459903455566 139
1757462365831 163.96655259172985 140
1757462365867 88.46225014937481 141
1757462365918 153.78683999291087 142
1757462365964 136.62922160569116 143
1757462366010 168.71429711629528 144
1757462366069 176.1520522182601 145
1757462366118 174.1170736473567 146
1757462366184 167.27622639311463 147
1757462366229 153.103784462234 148
1757462366266 190.40648867119916 149
1757462366333 199.25845772057133 150
1757462366393 166.36651322772016 151
1757462366461 166.36229479814926 152
1757462366518 181.59728747740266 153
1757462366602 169.726576858672 154
1757462366647 155.54502712352343 155
1757462366688 171.37261621090747 156
1757462366726 158.7627363393209 157
1757462366766 174.8900380549767 158
1757462366813 164.3642985878618 159
1757462366862 165.10738855810456 160
1757462366914 144.305041832417 161
1757462366962 161.71111567936472 162
1757462367019 153.40257342997577 163
1757462367061 160.5269947908501 164
1757462367107 168.2213017368221 165
1757462367170 177.02077324899525 166
1757462367215 137.8408608632548 167
1757462367290 191.3452028000821 168
1757462367335 183.94621171907966 169
1757462367386 157.9528809641233 170
1757462367420 174.43570361657507 171
1757462367458 157.91112285613468 172
1757462367491 173.82992182600876 173
1757462367536 181.65913083560304 174
1757462367580 165.65336617988456 175
1757462367627 178.0164776472512 176
1757462367679 145.6303858013489 177
1757462367728 158.20996978641517 178
1757462367782 176.58567596215676 179
1757462367840 173.99705793588453 180
1757462367892 168.93286532177424 181
1757462367932 152.3526889390064 182
1757462367971 219.43321058266764 183
1757462368024 148.76873748587894 184
1757462368064 160.19677038177036 185
1757462368106 155.12575394000405 186
1757462368160 173.0361487276702 187
1757462368198 168.9242088839186 188
1757462368257 173.86435703032146 189
1757462368303 178.7841616470199 190
1757462368373 194.13898054058762 191
1757462368447 168.73292901431256 192
1757462368501 159.10210270082658 193
1757462368558 155.7648625215875 194
1757462368619 150.9455822249595 195
1757462368660 200.59518167780453 196
1757462368705 219.9727325968973 197
1757462368747 155.97939188164295 198
1757462368795 187.40888418492426 199
1757462368836 180.99430214501865 200
1757462368894 160.25027502666265 201
1757462368941 166.00781940624736 202
1757462368990 152.21172381034663 203
1757462369032 172.66058908985855 204
1757462369081 154.42205750180187 205
1757462369127 141.2444015321521 206
1757462369171 104.63270374334171 207
1757462369220 125.3240524125876 208
1757462369268 163.11240914238851 209
1757462369319 176.4693698414983 210
1757462369373 162.31715687338576 211
1757462369413 172.60132198627213 212
1757462369463 145.91214293254262 213
1757462369503 176.87550972388044 214
1757462369551 153.55768865645334 215
1757462369611 153.2389541523918 216
1757462369662 172.2511981526714 217
1757462369703 151.5509082374565 218
1757462369766 182.28354878854796 219
1757462369815 166.88819099293644 220
1757462369872 170.17738537293715 221
1757462369941 151.5424208156104 222
1757462369996 165.6934306757469 223
1757462370045 158.13102369641422 224
1757462370093 136.68414426909666 225
1757462370159 134.30135737923868 226
1757462370258 166.538680458357 227
1757462370309 164.60064806342208 228
1757462370364 170.54401269899884 229
1757462370413 153.4646876843886 230
1757462370468 147.51048866931492 231
1757462370507 150.9461289936164 232
1757462370556 160.7077734760416 233
1757462370603 186.39255251983823 234
1757462370695 150.98070448353354 235
1757462370758 130.1483074178537 236
1757462370820 157.39430876516064 237
1757462370885 164.01098878570636 238
1757462370931 158.04205567499938 239
1757462370976 162.29400704395286 240
1757462371025 146.65425272832135 241
1757462371073 158.38461108879008 242
1757462371113 176.86108660737597 243
1757462371156 153.40884453181658 244
1757462371220 154.03525819639543 245
1757462371263 153.88889285267726 246
1757462371315 149.1703705945782 247
1757462371357 194.66602489006766 248
1757462371405 160.9192251789912 249
1757462371447 155.5443052922384 250
1757462371500 163.29360441212944 251
1757462371544 166.20120402485037 252
1757462371582 162.5826417411337 253
1757462371630 184.91511381032512 254
1757462371685 175.08450839374376 255
1757462371738 161.6830130934447 256
1757462371791 174.0001527973447 257
1757462371840 157.02771437237323 258
1757462371880 174.4243904596557 259
1757462371927 144.24527134040915 260
1757462371969 116.93296994857944 261
1757462372015 159.42014516888474 262
1757462372065 126.47735264833766 263
1757462372120 146.7049521319125 264
1757462372164 191.39969883203747 265
1757462372202 182.21676650315047 266
1757462372238 165.58610736792536 267
1757462372292 151.69808473094076 268
1757462372338 158.08650579592302 269
1757462372416 194.2637839498421 270
1757462372460 172.0313371338526 271
1757462372519 171.27922567333897 272
1757462372569 150.13203000905574 273
1757462372612 160.6676133538113 274
1757462372655 150.25660103981107 275
1757462372699 171.8608845380043 276
1757462372742 158.54814263620378 277
1757462372809 139.20912497109464 278
1757462372854 157.70278922494103 279
1757462372902 117.92840784191493 280
1757462372947 152.62025705132243 281
1757462372997 182.53473582685606 282
1757462373041 181.44074749694863 283
1757462373125 164.19971349794895 284
1757462373197 157.96578625032336 285
1757462373250 169.6337078181356 286
1757462373325 141.1808111738426 287
1757462373381 187.49396740190875 288
1757462373432 130.0768141801875 289
1757462373474 160.26223052568744 290
1757462373526 161.63699075012815 291
1757462373578 147.38009771588813 292
1757462373638 144.80406667668987 293
1757462373685 155.05177126208307 294
1757462373738 156.83570472499872 295
1757462373782 131.2449660114471 296
1757462373844 153.99863314730504 297
1757462373895 158.053169203268 298
1757462373945 177.9304727506778 299
1757462373992 155.5242156860413 300
1757462374040 224.2957195273411 301
1757462374103 158.97025440266785 302
1757462374149 118.33408497508663 303
1757462374198 169.49770675270832 304
1757462374244 168.98052563214026 305
1757462374293 171.88852673912854 306
1757462374342 161.53686159527675 307
1757462374411 196.85583822211396 308
1757462374459 177.02034784583222 309
1757462374499 152.26775549510478 310
1757462374538 163.21604155993757 311
1757462374597 180.57320291175182 312
1757462374644 179.70495062991552 313
1757462374686 170.06697952267598 314
1757462374729 149.4048796746182 315
1757462374785 155.71128519593364 316
1757462374844 158.71397300134035 317
1757462374894 185.6231516488943 318
1757462374960 177.13893877846556 319
1757462375007 159.90778238197962 320
1757462375056 166.69467764208343 321
1757462375101 167.42034654805067 322
1757462375149 134.0137779228795 323
1757462375199 134.71307482285079 324
1757462375250 152.65587984335323 325
1757462375294 197.7957466486729 326
1757462375349 150.51399353203038 327
1757462375403 151.35913236500718 328
1757462375456 141.06301346384797 329
1757462375495 224.74529432753368 330
1757462375545 172.71273713670226 331
1757462375592 159.5303160340049 332
1757462375630 171.65870749206337 333
1757462375684 150.5732841334251 334
1757462375736 165.395335322124 335
1757462375796 146.92851560300505 336
1757462375856 139.65512381830845 337
1757462375906 129.8004472780719 338
1757462375954 203.10660541093506 339
1757462376003 174.38670842962546 340
1757462376047 149.50090643840397 341
1757462376093 166.78697017100754 342
1757462376139 141.13286406009777 343
1757462376173 147.63010472999795 344
1757462376208 174.77699110901057 345
1757462376244 166.66231783968502 346
1757462376286 75.0108392105728 347
1757462376338 154.02891892675154 348
1757462376383 161.58391259415635 349
1757462376428 183.40755573827357 350
1757462376505 118.37251743270872 351
1757462376555 181.7052527567386 352
1757462376604 182.97747709559818 353
1757462376650 148.62771143899587 354
1757462376685 131.4803034641296 355
1757462376722 158.97146402535836 356
1757462376763 177.96448129458267 357
1757462376800 182.10899566982457 358
1757462376844 183.61340862502536 359
1757462376897 200.64216560182328 360
1757462376940 115.37158315832826 361
1757462376991 144.56367464311128 362
1757462377041 190.55969328795453 363
1757462377085 136.41056399890115 364
1757462377146 119.20554939517122 365
1757462377183 164.04411268021641 366
1757462377224 146.71636637420394 367
1757462377277 198.64195826413066 368
1757462377322 181.07573241188817 369
1757462377375 154.73805403105686 370
1757462377424 185.58767252923036 371
1757462377476 162.91069851875656 372
1757462377524 143.5279824586703 373
1757462377580 136.049970649566 374
1757462377629 188.0340623003496 375
1757462377684 153.82589435611135 376
1757462377738 151.26580920590453 377
1757462377788 170.21560636526897 378
1757462377825 152.36443886864637 379
1757462377872 153.1864610614759 380
1757462377919 112.31804920207662 381
1757462377966 163.50415106162183 382
1757462378014 157.54309867484847 383
1757462378054 155.19189420515357 384
1757462378120 159.2339431096509 385
1757462378156 143.69173663359015 386
1757462378203 160.43819937885524 387
1757462378249 159.95309705691682 388
1757462378295 171.09975799445257 389
1757462378342 151.11857257401562 390
1757462378405 193.16296264634357 391
1757462378467 145.1897924384072 392
1757462378525 168.06661396176824 393
1757462378568 246.94622057534107 394
1757462378638 165.84415736238705 395
1757462378672 161.6473035302266 396
1757462378708 164.78559808846677 397
1757462378744 161.93820763703553 398
1757462378788 174.65620793279592 399
1757462378841 178.05463979964713 400
1757462378883 164.18085694545871 401
1757462378946 191.0307058834101 402
1757462379003 147.71914925400523 403
1757462379063 108.15265700645308 404
1757462379114 154.6132319722807 405
1757462379159 170.09670872838603 406
1757462379208 175.35107902340968 407
1757462379263 199.29564804143544 408
1757462379316 162.50418111180727 409
1757462379368 149.651966519111 410
1757462379412 144.3322678886834 411
1757462379465 165.81683000801348 412
1757462379503 193.40666951476342 413
1757462379559 135.915220940229 414
1757462379610 174.9808600992771 415
1757462379659 179.18817481174338 416
1757462379700 161.24642411517382 417
1757462379756 162.9331610584432 418
1757462379808 166.2519599817735 419
1757462379851 168.3934369006871 420
1757462379898 168.5685622258809 421
1757462379951 178.1835223673596 422
1757462380001 179.54121211459162 423
1757462380055 159.5358850816518 424
1757462380109 182.69359600925188 425
1757462380152 163.9246656487419 426
1757462380199 162.84903129509968 427
1757462380246 114.13103250296479 428
1757462380301 177.20439237109522 429
1757462380355 138.92705923600357 430
1757462380417 112.71825694570045 431
1757462380474 142.8749752337163 432
1757462380527 149.38948436093955 433
1757462380576 161.43157388937786 434
1757462380628 166.33323685123855 435
1757462380706 170.00090870983917 436
1757462380775 150.09789451286358 437
1757462380822 153.37788299673102 438
1757462380871 155.74503417956097 439
1757462380934 159.44035746936322 440
1757462380989 167.6068718217978 441
1757462381043 145.24262765538705 442
1757462381098 172.53623590000657 443
1757462381152 160.35298294615487 444
1757462381213 163.32742208862135 445
1757462381254 161.6042455141312 446
1757462381308 149.4821862976484 447
1757462381367 142.30114338781266 448
1757462381427 119.57832566213224 449
1757462381472 191.84692420381234 450
1757462381515 163.9982659293724 451
1757462381571 157.844705698118 452
1757462381609 153.52645257933952 453
1757462381661 165.82312863972416 454
1757462381715 165.21201052281677 455
1757462381778 175.67172976774862 456
1757462381831 167.90507853165417 457
1757462381874 154.07661191644166 458
1757462381936 138.2683320924457 459
1757462381983 165.52430124120596 460
1757462382040 154.40741116903402 461
1757462382094 181.259779523422 462
1757462382152 150.95030305652622 463
1757462382197 163.01505735675988 464
1757462382274 164.4902773816501 465
1757462382326 161.26127818638966 466
1757462382420 213.52491434296027 467
1757462382535 160.90991511178336 468
1757462382602 161.18661800641627 469
1757462382641 158.38587177246785 470
1757462382691 163.76678608647455 471
1757462382739 161.09343934433514 472
1757462382800 165.0835526009441 473
1757462382856 176.96282019461268 474
1757462382907 167.95167679683377 475
1757462382957 162.70860233440789 476
1757462383001 183.1495735299547 477
1757462383051 156.73503505292183 478
1757462383099 189.74270996681025 479
1757462383165 174.86383763430615 480
1757462383217 170.38832232401614 481
1757462383269 157.48816894858692 482
1757462383317 191.05545134020136 483
1757462383360 119.51025617097073 484
1757462383414 167.93259242346696 485
1757462383469 154.72415833463523 486
1757462383524 163.1927852517021 487
1757462383594 180.75151077412764 488
1757462383655 167.03288729281147 489
1757462383719 152.9229865552629 490
1757462383762 181.70616047746967 491
1757462383818 164.73249025977182 492
1757462383872 162.69326685686232 493
1757462383916 172.12370036961335 494
1757462383964 168.10365610176132 495
1757462384010 156.33313950300823 496
1757462384060 154.36226919293543 497
1757462384111 120.76272844730009 498
1757462384171 179.5430194928231 499
