1757462582194 164.11547835074342 0
1757462582202 169.43418130271613 1
1757462582235 164.9566894234347 2
1757462582262 169.26221640779403 3
1757462582271 163.8330192485939 4
1757462582283 169.43190751785303 5
1757462582323 167.7248787784067 6
1757462582346 163.94403185849683 7
1757462582355 166.65122982724935 8
1757462582365 166.56282764787323 9
1757462582383 166.65104750332029 10
1757462582399 169.68682577333607 11
1757462582419 166.14799343953425 12
1757462582431 171.28910027825225 13
1757462582446 165.32324378125736 14
1757462582456 169.73484505395697 15
1757462582465 169.86269539478073 16
1757462582485 166.35505194230365 17
1757462582503 164.77886795105906 18
1757462582516 180.21265531820438 19
1757462582528 167.12455421025783 20
1757462582542 167.12807074657002 21
1757462582550 167.59998321369244 22
1757462582565 169.1870260379992 23
1757462582573 168.2644708133766 24
1757462582585 164.57357866084624 25
1757462582593 169.91227170897886 26
1757462582626 170.27428241730274 27
1757462582636 174.15912864371091 28
1757462582646 169.80171811571716 29
1757462582653 167.4909158126425 30
1757462582665 163.46971620673372 31
1757462582676 165.02087071964115 32
1757462582691 173.02781672787248 33
1757462582698 171.33534359188855 34
1757462582710 164.2162589866707 35
1757462582728 165.67402103642965 36
1757462582736 168.48220669521936 37
1757462582747 171.95099691910787 38
1757462582760 164.72091758333858 39
1757462582776 167.23463117768756 40
1757462582790 169.83984228229534 41
1757462582808 173.18024054890165 42
1757462582829 164.8490703258791 43
1757462582843 162.13905800478193 44
1757462582850 170.86482246469683 45
1757462582857 170.72569979903503 46
1757462582866 168.882502927149 47
1757462582873 167.8665369106444 48
1757462582881 174.75900831893628 49
1757462582888 165.40333078529437 50
1757462582896 168.5842926304353 51
1757462582904 168.7898946348654 52
1757462582911 164.87622373575027 53
1757462582919 168.156679619483 54
1757462582929 164.8910294081507 55
1757462582941 172.50921003592407 56
1757462582952 171.33530403257762 57
1757462582969 170.47033009583964 58
1757462582991 172.37573527524626 59
1757462583002 166.0426147073992 60
1757462583009 170.76555418200508 61
1757462583023 168.90797122442328 62
1757462583033 172.62468122323128 63
1757462583041 166.42761950143404 64
1757462583049 163.8394937839941 65
1757462583071 168.43221616062152 66
1757462583082 164.8393688995445 67
1757462583091 168.27003228187874 68
1757462583110 167.8928683452336 69
1757462583122 170.44467104427676 70
1757462583132 162.06975962766347 71
1757462583144 169.75099484668712 72
1757462583156 167.25300943596903 73
1757462583171 172.0305778494212 74
1757462583179 167.36210396962161 75
1757462583194 166.65716991918347 76
1757462583208 162.04356113185145 77
1757462583223 162.80066659277134 78
1757462583234 166.97947913662276 79
1757462583248 161.19812307137602 80
1757462583259 169.80630731226907 81
1757462583268 167.44838161703132 82
1757462583276 167.45499879692406 83
1757462583291 171.82704134374998 84
1757462583306 158.2371979744152 85
1757462583321 165.73067202028403 86
1757462583335 165.86348405084598 87
1757462583348 162.1902345400309 88
1757462583356 170.61598079334257 89
1757462583365 167.63702082194945 90
1757462583374 166.5107598455303 91
1757462583382 171.19805666347307 92
1757462583391 167.34554318112396 93
1757462583400 168.90643171549368 94
1757462583408 166.77123514941786 95
1757462583446 163.15723728542892 96
1757462583478 163.36548956800203 97
1757462583493 165.7339244249016 98
1757462583502 168.85799910349257 99
1757462583517 164.93813028792493 100
1757462583530 167.3415617345105 101
1757462583541 169.33966864251892 102
1757462583551 165.53465843056716 103
1757462583566 165.82479029829477 104
1757462583584 166.76711794431458 105
1757462583599 165.82713394220835 106
1757462583613 170.05337637166636 107
1757462583622 168.19403918496215 108
1757462583632 168.18608138557374 109
1757462583647 168.64920998793508 110
1757462583661 165.89611278507357 111
1757462583670 166.6943132110311 112
1757462583679 163.54545696505485 113
1757462583696 167.64055296978245 114
1757462583709 169.62799013008183 115
1757462583720 167.24664345541635 116
1757462583736 168.6979699115557 117
1757462583744 167.49113155526877 118
1757462583755 171.9240278593242 119
1757462583764 166.59509530869732 120
1757462583773 169.20314922486267 121
1757462583789 166.56430682233082 122
1757462583798 165.78051980060587 123
1757462583809 168.93931908301957 124
1757462583820 162.85561503603185 125
1757462583840 162.21046197937403 126
1757462583854 167.5825621357863 127
1757462583864 166.48974641738633 128
1757462583878 163.63021436354677 129
1757462583892 162.17893214009274 130
1757462583906 166.7393845681895 131
1757462583919 167.77012362313846 132
1757462583931 168.5188706149297 133
1757462583945 170.62165074954993 134
1757462583965 164.70978524625622 135
1757462583976 164.15240745582093 136
1757462583988 163.23702603488363 137
1757462584002 160.93223604362856 138
1757462584012 169.87235633203684 139
1757462584024 172.00363233376794 140
1757462584043 161.58798828353724 141
1757462584055 172.02469733204617 142
1757462584069 166.5293829557536 143
1757462584078 164.45816854607108 144
1757462584099 168.4921297021892 145
1757462584108 162.22572804956292 146
1757462584126 163.68558166542863 147
1757462584147 167.16541936498788 148
1757462584157 164.97180569259342 149
1757462584174 165.3777618293056 150
1757462584191 160.23776098874816 151
1757462584205 165.22687080597993 152
1757462584218 170.94814891614217 153
1757462584232 169.22934277115604 154
1757462584243 170.15238773171782 155
1757462584253 161.30109140220677 156
1757462584278 164.61720111965138 157
1757462584294 165.47286627273184 158
1757462584317 163.6884242761738 159
1757462584335 164.74365312682897 160
1757462584348 161.7107191140899 161
1757462584359 163.4370279612773 162
1757462584377 166.2594443788775 163
1757462584387 170.11134329876705 164
1757462584399 163.9274923955087 165
1757462584409 167.40199112338394 166
1757462584420 167.68498338094662 167
1757462584437 170.4384680801139 168
1757462584457 169.98922011287084 169
1757462584471 163.19343823019716 170
1757462584483 161.00050658608183 171
1757462584493 165.89971560050242 172
1757462584507 159.19927621492505 173
1757462584527 170.3267459980379 174
1757462584543 162.7889455575244 175
1757462584557 162.19382465346388 176
1757462584567 167.47090055888128 177
1757462584586 161.14201409916487 178
1757462584613 161.02359923177497 179
1757462584632 164.49283330821234 180
1757462584664 165.81709043204407 181
1757462584688 169.84314704967107 182
1757462584706 164.90718403139377 183
1757462584725 169.61770514499057 184
1757462584736 168.80265930663217 185
1757462584762 167.25832925166213 186
1757462584772 165.32183371966454 187
1757462584788 165.46536336716207 188
1757462584806 166.67011033530525 189
1757462584822 163.13356953993 190
1757462584840 164.09008199807138 191
1757462584851 169.29631263446873 192
1757462584866 162.69142459604933 193
1757462584877 168.74303301801226 194
1757462584888 164.1852274170089 195
1757462584901 165.05359835837797 196
1757462584917 171.13308886252483 197
1757462584928 166.519987329414 198
1757462584939 168.25332726837834 199
1757462584950 165.38611578614672 200
1757462584960 165.02465648221795 201
1757462584972 164.57623717741146 202
1757462584989 160.1837601459295 203
1757462585008 163.13488907708404 204
1757462585022 166.8780552907914 205
1757462585035 166.40662813438234 206
1757462585045 167.55650103623583 207
1757462585069 165.1059306859898 208
1757462585080 165.3029737523817 209
1757462585090 161.40913914176463 210
1757462585101 168.42988994887054 211
1757462585112 160.77629426547827 212
1757462585131 166.70611458318987 213
1757462585149 166.52422572427074 214
1757462585171 173.43604827358817 215
1757462585193 162.84133830616514 216
1757462585208 166.36554272203966 217
1757462585222 164.5108414265706 218
1757462585233 164.88125349993925 219
1757462585243 166.7233476505598 220
1757462585254 166.98466077387388 221
1757462585267 165.10346370062297 222
1757462585278 166.5055566641799 223
1757462585289 160.09629972480587 224
1757462585312 171.9976881820716 225
1757462585323 163.89962805000775 226
1757462585334 166.15785082363834 227
1757462585347 167.5508325879594 228
1757462585358 165.796516391306 229
1757462585375 196.83417748363456 230
1757462585404 163.51753914445442 231
1757462585418 161.27247865184285 232
1757462585429 164.51642888848966 233
1757462585446 168.1487602515905 234
1757462585460 160.08726752394037 235
1757462585474 164.10368336792033 236
1757462585488 161.5056896263556 237
1757462585506 166.36492810616906 238
1757462585523 171.40174531360148 239
1757462585537 163.83279067745235 240
1757462585553 168.15136663585847 241
1757462585566 165.59693818853142 242
1757462585582 165.12651540090533 243
1757462585600 166.22642351522325 244
1757462585618 163.76987224787644 245
1757462585633 169.29134109867343 246
1757462585655 170.87054575209638 247
1757462585673 166.6517723782564 248
1757462585687 168.83433427520077 249
1757462585702 162.0152613367669 250
1757462585721 195.9403155019554 251
1757462585732 164.87786430084216 252
1757462585749 168.3524212998309 253
1757462585761 163.3834375240434 254
1757462585778 162.7601102735964 255
1757462585791 162.98546889859804 256
1757462585802 162.962502444137 257
1757462585817 168.25885332935496 258
1757462585828 167.33512265934206 259
1757462585841 165.1548732830929 260
1757462585859 163.72552071212542 261
1757462585877 166.64068637072464 262
1757462585889 164.85165822320403 263
1757462585900 161.94080911232444 264
1757462585911 165.37004272285046 265
1757462585925 173.83797996834895 266
1757462585947 159.40180260351735 267
1757462585965 161.80612323422628 268
1757462585981 166.13809137660732 269
1757462585996 198.38865648432238 270
1757462586009 167.6426752519554 271
1757462586027 159.91142410922095 272
1757462586045 164.182706756101 273
1757462586059 162.57288911146736 274
1757462586071 168.7830504300939 275
1757462586090 169.2071205771153 276
1757462586108 164.2312648446727 277
1757462586125 171.39464160901127 278
1757462586146 162.0873601290195 279
1757462586161 162.61407572627581 280
1757462586178 166.2690990837542 281
1757462586194 162.6979640439164 282
1757462586214 165.48394543746116 283
1757462586234 167.44919920810108 284
1757462586253 164.4084066918458 285
1757462586273 161.46402046853282 286
1757462586296 163.99209940626528 287
1757462586315 166.26129789555696 288
1757462586333 161.270134666077 289
1757462586348 162.83215773928208 290
1757462586365 163.79529238677006 291
1757462586391 162.67332655285563 292
1757462586412 170.58223417591452 293
1757462586426 167.9578550386127 294
1757462586450 164.88816592436308 295
1757462586467 166.04066016826434 296
1757462586490 165.48427668139058 297
1757462586505 169.3401913488352 298
1757462586525 161.73323911534607 299
1757462586543 158.9249837472355 300
1757462586564 165.29366649910185 301
1757462586583 163.64745590078473 302
1757462586602 182.09596173877617 303
1757462586628 169.6827366862517 304
1757462586649 164.41629995231895 305
1757462586668 157.46470168190555 306
1757462586684 165.26556455720558 307
1757462586702 164.28024505535495 308
1757462586719 164.486063192098 309
1757462586741 160.55687938085407 310
1757462586768 166.250245168323 311
1757462586784 160.05707421241667 312
1757462586803 166.59691869864037 313
1757462586831 163.52070016719006 314
1757462586860 161.27731353926885 315
1757462586873 153.75158297132504 316
1757462586897 162.24218156943863 317
1757462586921 166.4785447516804 318
1757462586939 162.76777353714073 319
1757462586960 162.70639198446074 320
1757462586973 160.16072320018492 321
1757462586985 158.30992512605584 322
1757462587001 167.11005769517857 323
1757462587022 159.78830273629646 324
1757462587040 164.29330324085478 325
1757462587060 167.85487646268916 326
1757462587074 168.5854995350423 327
1757462587095 159.7657273641234 328
1757462587114 164.99013541801108 329
1757462587140 165.15806358672017 330
1757462587163 182.82297219099308 331
1757462587187 163.57694108132068 332
1757462587202 160.28984259264405 333
1757462587224 160.95181177372612 334
1757462587239 159.88930604543464 335
1757462587273 160.66481219175625 336
1757462587289 166.86667951139287 337
1757462587303 162.133370852815 338
1757462587321 157.72900128392467 339
1757462587337 163.40170470092104 340
1757462587355 164.8032987570043 341
1757462587372 166.28741511132654 342
1757462587385 159.51580638272338 343
1757462587405 161.42116247131887 344
1757462587429 165.58784490746478 345
1757462587447 169.98436639160036 346
1757462587466 163.85451519540942 347
1757462587486 160.66075642838464 348
1757462587500 161.8192394885114 349
1757462587514 164.2568530198394 350
1757462587532 167.77282010080413 351
1757462587553 159.51898708974377 352
1757462587575 166.7607758187093 353
1757462587594 159.3172910804536 354
1757462587620 166.33271189063964 355
1757462587646 165.93027759238115 356
1757462587668 158.57726347059835 357
1757462587683 163.58803140687087 358
1757462587703 167.7441259432176 359
1757462587728 168.87515180437586 360
1757462587749 155.52791300638162 361
1757462587767 159.4645045463949 362
1757462587780 164.1844762224747 363
1757462587801 164.33255329276736 364
1757462587818 162.0547610202349 365
1757462587842 166.84345113272258 366
1757462587934 161.19963276171208 367
1757462587952 162.5529336703883 368
1757462587975 161.2828662742296 369
1757462587989 168.94415909574877 370
1757462588014 161.23319400472872 371
1757462588032 165.79840107850578 372
1757462588052 196.48363687097202 373
1757462588067 161.79946801936632 374
1757462588100 173.82371782716984 375
1757462588118 156.87770278426623 376
1757462588155 164.04547644716357 377
1757462588168 164.77541779393664 378
1757462588182 167.1048493597096 379
1757462588199 161.72710523609084 380
1757462588217 156.48708291634895 381
1757462588238 162.67919552043026 382
1757462588256 160.47260826992004 383
1757462588272 161.87055604023956 384
1757462588286 164.70320082317 385
1757462588317 164.66940341794947 386
1757462588336 162.13022516557757 387
1757462588356 164.636588888834 388
1757462588370 160.41259083986148 389
1757462588385 158.73642614712026 390
1757462588399 168.9019115611738 391
1757462588425 163.8077366529132 392
1757462588440 162.5719054320443 393
1757462588456 159.78374795318786 394
1757462588471 161.07702584515948 395
1757462588507 160.73248012866515 396
1757462588532 158.27749714972967 397
1757462588548 158.80962929370708 398
1757462588573 165.9427203048759 399
1757462588588 165.9679923684046 400
1757462588608 162.2738168903272 401
1757462588630 163.05302006202697 402
1757462588648 158.60699348408568 403
1757462588678 162.5206400453987 404
1757462588701 163.15710644548523 405
1757462588728 163.1506797815583 406
1757462588750 157.93551493053366 407
1757462588771 156.32114361946495 408
1757462588797 165.12111794033217 409
1757462588818 160.85171622055952 410
1757462588840 167.16046774161896 411
1757462588864 162.52728120936288 412
1757462588897 158.90194920793877 413
1757462588913 169.63187880788809 414
1757462588933 159.7540170980967 415
1757462588953 167.74939376520467 416
1757462588989 164.64875395723806 417
1757462589006 161.0577142720364 418
1757462589054 166.14284616732215 419
1757462589081 165.9407103977608 420
1757462589101 164.84890924456562 421
1757462589120 162.0856268899675 422
1757462589134 161.9518212705042 423
1757462589166 161.57073618388006 424
1757462589186 164.50579665201855 425
1757462589218 162.93169248256072 426
1757462589235 160.50276373381035 427
1757462589264 162.0814549883459 428
1757462589284 164.978251612373 429
1757462589310 168.0199501565977 430
1757462589342 161.5348247875021 431
1757462589371 164.091255067919 432
1757462589386 167.9777288673156 433
1757462589406 159.09687043237483 434
1757462589426 160.0055201998553 435
1757462589441 163.43469023524085 436
1757462589461 163.12420624196665 437
1757462589482 155.23719336541075 438
1757462589498 162.8996025453404 439
1757462589514 161.82220456200463 440
1757462589545 167.3191115464067 441
1757462589576 157.48672756675845 442
1757462589599 187.22510483759805 443
1757462589626 163.11862257981358 444
1757462589651 164.51622989852302 445
1757462589674 166.33967816094497 446
1757462589693 164.1903606244793 447
1757462589716 166.01091524979387 448
1757462589744 164.3793756109851 449
1757462589768 157.0163564461503 450
1757462589792 165.75105393058155 451
1757462589807 158.71031352861942 452
1757462589828 163.96306941300213 453
1757462589846 158.00494174315486 454
1757462589878 164.62314970301705 455
1757462589909 158.34161057444322 456
1757462589928 158.7200954703363 457
1757462589947 159.26235628762475 458
1757462589966 159.7401150507281 459
1757462589994 162.53656167678514 460
1757462590009 165.13330964509782 461
1757462590033 162.66733186893626 462
1757462590056 164.30462295151307 463
1757462590078 157.8764957957444 464
1757462590098 177.31458668606615 465
1757462590125 159.5014655411621 466
1757462590149 163.91566372103358 467
1757462590169 160.5661516395116 468
1757462590195 165.8070657666642 469
1757462590214 156.64635592174096 470
1757462590235 162.0043885999733 471
1757462590266 193.96608419206234 472
1757462590295 163.31822107901206 473
1757462590312 161.8566797527847 474
1757462590333 159.96857245837276 475
1757462590362 164.41439774216929 476
1757462590388 161.62317868780224 477
1757462590403 160.65812962986303 478
1757462590426 160.91238824420432 479
1757462590454 158.6966949961204 480
1757462590483 162.04819132024693 481
1757462590523 163.55537331906794 482
1757462590545 166.71013172078102 483
1757462590573 160.98228617607933 484
1757462590595 161.25421240308697 485
1757462590611 163.20118113017566 486
1757462590635 157.06307417784785 487
1757462590657 160.63611323702833 488
1757462590672 156.76043385958647 489
1757462590702 160.9320649167004 490
1757462590722 162.38270992423028 491
1757462590743 160.8158039331203 492
1757462590761 158.5837964284068 493
1757462590777 161.66922753744956 494
1757462590792 163.93215630111135 495
1757462590809 155.95867486266022 496
1757462590826 162.47082569555133 497
1757462590842 158.03610046433823 498
1757462590859 155.44606948863736 499
