1757462881039 169.00200675630447 0
1757462881047 170.03709473209523 1
1757462881057 163.9969049620602 2
1757462881072 170.10423744304757 3
1757462881085 169.34245157070586 4
1757462881093 173.06941667795934 5
1757462881103 164.2867471682344 6
1757462881118 167.4357640187886 7
1757462881128 164.28935293637986 8
1757462881185 161.90788484635013 9
1757462881211 168.41458206352152 10
1757462881231 165.356459525944 11
1757462881243 164.69279557802022 12
1757462881258 172.2225311205853 13
1757462881272 165.6855195036106 14
1757462881282 168.93567791408353 15
1757462881290 169.55916002331094 16
1757462881305 170.36819974164968 17
1757462881313 171.20440445746567 18
1757462881325 165.82552128105675 19
1757462881348 170.75471650275645 20
