1757462982953 1.1559249393780692e+197 0
1757462983030 inf 1
1757462983203 nan 2
1757462983278 nan 3
1757462983356 nan 4
1757462983438 nan 5
1757462983547 nan 6
1757462983710 nan 7
1757462983826 nan 8
1757462984025 nan 9
1757462984095 nan 10
1757462984356 nan 11
1757462984608 nan 12
1757462984775 nan 13
1757462984925 nan 14
1757462985047 nan 15
1757462985479 nan 16
1757462986065 nan 17
1757462986627 nan 18
1757462986956 nan 19
1757462987287 nan 20
1757462987521 nan 21
1757462987838 nan 22
1757462988025 nan 23
1757462988267 nan 24
1757462988430 nan 25
1757462988573 nan 26
1757462988763 nan 27
1757462988899 nan 28
1757462989043 nan 29
1757462989138 nan 30
1757462989215 nan 31
1757462989320 nan 32
1757462989576 nan 33
1757462989758 nan 34
1757462989863 nan 35
1757462989983 nan 36
1757462990071 nan 37
1757462990159 nan 38
1757462990282 nan 39
1757462990404 nan 40
1757462990528 nan 41
1757462990626 nan 42
1757462990757 nan 43
1757462990976 nan 44
1757462991191 nan 45
1757462991494 nan 46
1757462991631 nan 47
1757462991816 nan 48
1757462992006 nan 49
1757462992180 nan 50
1757462992344 nan 51
1757462992481 nan 52
1757462992764 nan 53
1757462992977 nan 54
1757462993142 nan 55
1757462993335 nan 56
1757462993559 nan 57
1757462993860 nan 58
1757462994100 nan 59
1757462994283 nan 60
1757462994398 nan 61
1757462994565 nan 62
1757462994704 nan 63
1757462994947 nan 64
1757462995073 nan 65
1757462995162 nan 66
1757462995239 nan 67
1757462995310 nan 68
1757462995414 nan 69
1757462995484 nan 70
1757462995545 nan 71
1757462995609 nan 72
1757462995683 nan 73
1757462995762 nan 74
1757462995837 nan 75
1757462995908 nan 76
1757462995986 nan 77
1757462996083 nan 78
1757462996158 nan 79
1757462996220 nan 80
1757462996285 nan 81
1757462996351 nan 82
1757462996424 nan 83
1757462996500 nan 84
1757462996572 nan 85
1757462996633 nan 86
1757462996692 nan 87
1757462996767 nan 88
1757462996956 nan 89
1757462997052 nan 90
1757462997157 nan 91
1757462997226 nan 92
1757462997299 nan 93
1757462997371 nan 94
1757462997437 nan 95
1757462997517 nan 96
1757462997586 nan 97
1757462997665 nan 98
1757462997750 nan 99
1757462997811 nan 100
1757462997876 nan 101
1757462997950 nan 102
1757462998010 nan 103
1757462998075 nan 104
1757462998154 nan 105
1757462998241 nan 106
1757462998397 nan 107
1757462998502 nan 108
1757462998798 nan 109
1757462998890 nan 110
1757462999013 nan 111
1757462999218 nan 112
1757462999300 nan 113
1757462999387 nan 114
1757462999450 nan 115
1757462999524 nan 116
1757462999602 nan 117
1757462999666 nan 118
1757462999750 nan 119
1757462999825 nan 120
1757462999909 nan 121
1757462999989 nan 122
1757463000064 nan 123
1757463000140 nan 124
1757463000203 nan 125
1757463000279 nan 126
1757463000341 nan 127
1757463000415 nan 128
1757463000485 nan 129
1757463000575 nan 130
1757463000645 nan 131
1757463000712 nan 132
1757463000778 nan 133
1757463000858 nan 134
1757463000934 nan 135
1757463001015 nan 136
1757463001087 nan 137
1757463001153 nan 138
1757463001208 nan 139
1757463001275 nan 140
1757463001343 nan 141
1757463001413 nan 142
1757463001562 nan 143
1757463001692 nan 144
1757463001791 nan 145
1757463001870 nan 146
1757463001933 nan 147
1757463001996 nan 148
1757463002067 nan 149
1757463002183 nan 150
1757463002262 nan 151
1757463002329 nan 152
1757463002518 nan 153
1757463002608 nan 154
1757463002686 nan 155
1757463002766 nan 156
1757463002851 nan 157
1757463002927 nan 158
1757463003002 nan 159
1757463003064 nan 160
1757463003175 nan 161
1757463003268 nan 162
1757463003337 nan 163
1757463003421 nan 164
1757463003493 nan 165
1757463003571 nan 166
1757463003694 nan 167
1757463003787 nan 168
1757463003857 nan 169
1757463003928 nan 170
1757463003990 nan 171
1757463004059 nan 172
1757463004127 nan 173
1757463004188 nan 174
1757463004259 nan 175
1757463004339 nan 176
1757463004407 nan 177
1757463004493 nan 178
1757463004545 nan 179
1757463004601 nan 180
1757463004653 nan 181
1757463004706 nan 182
1757463004767 nan 183
1757463004836 nan 184
1757463004900 nan 185
1757463004983 nan 186
1757463005072 nan 187
1757463005158 nan 188
1757463005239 nan 189
1757463005319 nan 190
1757463005503 nan 191
1757463005582 nan 192
1757463005643 nan 193
1757463005710 nan 194
1757463005776 nan 195
1757463005842 nan 196
1757463005905 nan 197
1757463005978 nan 198
1757463006048 nan 199
1757463006123 nan 200
1757463006195 nan 201
1757463006272 nan 202
1757463006354 nan 203
1757463006507 nan 204
1757463006624 nan 205
1757463006702 nan 206
1757463006774 nan 207
1757463006852 nan 208
1757463006933 nan 209
1757463007000 nan 210
1757463007067 nan 211
1757463007144 nan 212
1757463007205 nan 213
1757463007281 nan 214
1757463007347 nan 215
1757463007409 nan 216
1757463007485 nan 217
1757463007560 nan 218
1757463007647 nan 219
1757463007732 nan 220
1757463007817 nan 221
1757463007899 nan 222
1757463007972 nan 223
1757463008049 nan 224
1757463008138 nan 225
1757463008210 nan 226
1757463008275 nan 227
1757463008355 nan 228
1757463008423 nan 229
1757463008498 nan 230
1757463008568 nan 231
1757463008638 nan 232
1757463008716 nan 233
1757463008792 nan 234
1757463008856 nan 235
1757463008920 nan 236
1757463008983 nan 237
1757463009068 nan 238
1757463009135 nan 239
1757463009193 nan 240
1757463009251 nan 241
1757463009315 nan 242
1757463009383 nan 243
1757463009457 nan 244
1757463009529 nan 245
1757463009602 nan 246
1757463009664 nan 247
1757463009730 nan 248
1757463009801 nan 249
1757463009869 nan 250
1757463009945 nan 251
1757463010024 nan 252
1757463010094 nan 253
1757463010177 nan 254
1757463010250 nan 255
1757463010355 nan 256
1757463010433 nan 257
1757463010509 nan 258
1757463010576 nan 259
1757463010649 nan 260
1757463010726 nan 261
1757463010846 nan 262
1757463010937 nan 263
1757463011025 nan 264
1757463011083 nan 265
1757463011144 nan 266
1757463011229 nan 267
1757463011301 nan 268
1757463011370 nan 269
1757463011442 nan 270
1757463011525 nan 271
1757463011617 nan 272
1757463011692 nan 273
1757463011775 nan 274
1757463011880 nan 275
1757463011964 nan 276
1757463012093 nan 277
1757463012162 nan 278
1757463012235 nan 279
1757463012333 nan 280
1757463012405 nan 281
1757463012482 nan 282
1757463012560 nan 283
1757463012639 nan 284
1757463012716 nan 285
1757463012799 nan 286
1757463012862 nan 287
1757463013032 nan 288
1757463013100 nan 289
1757463013180 nan 290
1757463013271 nan 291
1757463013353 nan 292
1757463013425 nan 293
1757463013491 nan 294
1757463013565 nan 295
1757463013635 nan 296
1757463013736 nan 297
1757463013824 nan 298
1757463013915 nan 299
1757463014016 nan 300
1757463014142 nan 301
1757463014238 nan 302
1757463014390 nan 303
1757463014489 nan 304
1757463014557 nan 305
1757463014639 nan 306
1757463014721 nan 307
1757463014786 nan 308
1757463014849 nan 309
1757463014932 nan 310
1757463015024 nan 311
1757463015104 nan 312
1757463015177 nan 313
1757463015246 nan 314
1757463015324 nan 315
1757463015407 nan 316
1757463015493 nan 317
1757463015577 nan 318
1757463015646 nan 319
1757463015721 nan 320
1757463015802 nan 321
1757463015882 nan 322
1757463015985 nan 323
1757463016059 nan 324
1757463016148 nan 325
1757463016222 nan 326
1757463016384 nan 327
1757463016472 nan 328
1757463016571 nan 329
1757463016651 nan 330
1757463016731 nan 331
1757463016804 nan 332
1757463016896 nan 333
1757463016990 nan 334
1757463017058 nan 335
1757463017136 nan 336
1757463017225 nan 337
1757463017316 nan 338
1757463017394 nan 339
1757463017485 nan 340
1757463017564 nan 341
1757463017669 nan 342
1757463017744 nan 343
1757463017814 nan 344
1757463017886 nan 345
1757463017953 nan 346
1757463018029 nan 347
1757463018103 nan 348
1757463018183 nan 349
1757463018267 nan 350
1757463018336 nan 351
1757463018409 nan 352
1757463018481 nan 353
1757463018549 nan 354
1757463018619 nan 355
1757463018679 nan 356
1757463018732 nan 357
1757463018806 nan 358
1757463018885 nan 359
1757463018955 nan 360
1757463019028 nan 361
1757463019106 nan 362
1757463019187 nan 363
1757463019271 nan 364
1757463019348 nan 365
1757463019446 nan 366
1757463019543 nan 367
1757463019631 nan 368
1757463019695 nan 369
1757463019771 nan 370
1757463019855 nan 371
1757463019935 nan 372
1757463020024 nan 373
1757463020111 nan 374
1757463020188 nan 375
1757463020260 nan 376
1757463020355 nan 377
1757463020450 nan 378
1757463020535 nan 379
1757463020617 nan 380
1757463020696 nan 381
1757463020779 nan 382
1757463020866 nan 383
1757463020940 nan 384
1757463021025 nan 385
1757463021100 nan 386
1757463021182 nan 387
1757463021259 nan 388
1757463021355 nan 389
1757463021427 nan 390
1757463021514 nan 391
1757463021585 nan 392
1757463021672 nan 393
1757463021751 nan 394
1757463021820 nan 395
1757463021902 nan 396
1757463021961 nan 397
1757463022095 nan 398
1757463022157 nan 399
1757463022222 nan 400
1757463022297 nan 401
1757463022375 nan 402
1757463022450 nan 403
1757463022546 nan 404
1757463022620 nan 405
1757463022689 nan 406
1757463022769 nan 407
1757463022841 nan 408
1757463022911 nan 409
1757463022984 nan 410
1757463023058 nan 411
1757463023136 nan 412
1757463023217 nan 413
1757463023289 nan 414
1757463023370 nan 415
1757463023456 nan 416
1757463023535 nan 417
1757463023613 nan 418
1757463023678 nan 419
1757463023732 nan 420
1757463023819 nan 421
1757463023897 nan 422
1757463023963 nan 423
1757463024041 nan 424
1757463024112 nan 425
1757463024176 nan 426
1757463024295 nan 427
1757463024368 nan 428
1757463024488 nan 429
1757463024570 nan 430
1757463024643 nan 431
1757463024714 nan 432
1757463024781 nan 433
1757463024845 nan 434
1757463024938 nan 435
1757463025023 nan 436
1757463025101 nan 437
1757463025199 nan 438
1757463025279 nan 439
1757463025358 nan 440
1757463025455 nan 441
1757463025555 nan 442
1757463025623 nan 443
1757463025698 nan 444
1757463025769 nan 445
1757463025847 nan 446
1757463025919 nan 447
1757463025984 nan 448
1757463026093 nan 449
1757463026162 nan 450
1757463026215 nan 451
1757463026272 nan 452
1757463026345 nan 453
1757463026443 nan 454
1757463026523 nan 455
1757463026594 nan 456
1757463026688 nan 457
1757463026778 nan 458
1757463026862 nan 459
1757463026924 nan 460
1757463027026 nan 461
1757463027122 nan 462
1757463027207 nan 463
1757463027286 nan 464
1757463027368 nan 465
1757463027440 nan 466
1757463027514 nan 467
1757463027589 nan 468
1757463027665 nan 469
1757463027766 nan 470
1757463027845 nan 471
1757463027909 nan 472
1757463027989 nan 473
1757463028065 nan 474
1757463028125 nan 475
1757463028207 nan 476
1757463028294 nan 477
1757463028377 nan 478
1757463028449 nan 479
1757463028530 nan 480
1757463028597 nan 481
1757463028670 nan 482
1757463028744 nan 483
1757463028809 nan 484
1757463028891 nan 485
1757463028961 nan 486
1757463029062 nan 487
1757463029132 nan 488
1757463029206 nan 489
1757463029314 nan 490
1757463029462 nan 491
1757463029559 nan 492
1757463029636 nan 493
1757463029712 nan 494
1757463029785 nan 495
1757463029855 nan 496
1757463029931 nan 497
1757463030009 nan 498
1757463030095 nan 499
