1757462892573 173.12772262425509 0
1757462892583 167.4363112969343 1
1757462892594 169.25968949250964 2
1757462892616 167.73312353600298 3
1757462892667 166.18210508561614 4
1757462892676 169.33739325968364 5
1757462892689 171.9766430039429 6
1757462892705 172.60391711122568 7
1757462892722 167.24560272169285 8
1757462892730 168.64393219702296 9
1757462892738 169.0319458529232 10
1757462892747 175.31412405808473 11
1757462892761 175.1375888442729 12
1757462892775 171.22739853511644 13
1757462892785 164.85864619111476 14
1757462892794 172.97641990941835 15
1757462892802 166.1990391432917 16
1757462892820 167.73563910090553 17
1757462892829 169.8498068589011 18
1757462892845 162.6053563144941 19
1757462892853 174.41887895944183 20
1757462892863 178.0539824306668 21
1757462892871 176.46560975686353 22
1757462892889 174.3751414012387 23
1757462892901 175.37427747349065 24
1757462892918 171.61210817377517 25
1757462892927 165.03262558206407 26
1757462892940 168.64707922151055 27
1757462892951 164.06592474526377 28
1757462892971 166.74676980480643 29
1757462892981 174.75623985162383 30
1757462892992 171.69317966846495 31
1757462893009 175.52344935490225 32
1757462893021 167.24082161575257 33
1757462893034 171.2979862472648 34
1757462893049 169.64342506912075 35
1757462893065 172.0192022147512 36
1757462893092 167.04042749234603 37
1757462893113 167.3211008062261 38
1757462893137 169.5211193985223 39
1757462893155 171.09023096054494 40
1757462893166 172.65640353804713 41
1757462893183 170.80361591397684 42
1757462893206 165.2303901104761 43
1757462893258 173.66355750010317 44
1757462893273 168.04528495608224 45
1757462893292 166.78961339888764 46
1757462893315 174.42272752299428 47
1757462893352 168.68175841870266 48
1757462893382 172.07566282917992 49
1757462893406 174.2832771737217 50
1757462893448 171.21456539149997 51
1757462893534 171.4955393842631 52
1757462893545 170.7745089723423 53
1757462893555 171.2822993439605 54
1757462893565 169.25119995233845 55
1757462893582 165.83576715387 56
1757462893591 160.70453726005434 57
1757462893600 170.1563790486027 58
1757462893608 166.76799885192148 59
1757462893618 172.4119833838755 60
1757462893628 170.58281824950157 61
1757462893638 180.24641339178226 62
1757462893647 167.61991392345746 63
1757462893656 169.2977942161406 64
1757462893665 167.37309510269756 65
1757462893681 172.08954850650042 66
1757462893697 168.24669837047801 67
1757462893716 163.12091817660834 68
1757462893726 171.16068803337978 69
1757462893747 171.62035888351483 70
1757462893795 170.26729788870645 71
1757462893823 170.7216697844888 72
1757462893900 175.19738500270552 73
1757462893927 170.040331502028 74
1757462893948 175.17546579137243 75
1757462893959 166.5010772734787 76
1757462893974 171.50969708000866 77
1757462893995 171.44853475989333 78
1757462894014 176.30735793368507 79
1757462894028 167.7516629611085 80
1757462894045 163.9379597116001 81
1757462894060 166.89210725897456 82
1757462894091 168.83923129222185 83
1757462894105 169.81944891467361 84
1757462894121 167.3689654003218 85
1757462894140 168.93804232150887 86
1757462894152 167.65251452701278 87
1757462894166 157.6064337692947 88
1757462894189 162.8802459256401 89
1757462894203 167.01956010259354 90
1757462894215 167.61152819822598 91
1757462894232 170.19374133681814 92
1757462894245 171.54073341331028 93
1757462894259 172.39166573217102 94
1757462894269 168.39988938865815 95
1757462894289 167.0391255088501 96
1757462894337 166.2991282262412 97
1757462894355 164.70566723741825 98
1757462894367 168.22428340305575 99
1757462894376 172.88176013220328 100
1757462894392 167.1787213488345 101
1757462894407 166.80308594005228 102
1757462894422 172.68601555790502 103
1757462894432 169.01682329733885 104
1757462894447 170.28989766142791 105
1757462894461 173.05407826781092 106
1757462894475 165.21385362122533 107
1757462894488 164.86992209480178 108
1757462894504 172.12829805987698 109
1757462894516 172.04386420472423 110
1757462894539 169.77487680874762 111
1757462894550 175.99070341077189 112
1757462894567 173.9503304933382 113
1757462894581 166.44538884632803 114
1757462894600 169.70336345503307 115
1757462894612 176.93039630953535 116
1757462894629 171.4728516383207 117
1757462894640 168.3779515857684 118
1757462894654 171.22349173811654 119
1757462894680 164.83728537209524 120
1757462894696 168.62095172727192 121
1757462894706 173.18399313979702 122
1757462894725 170.1836916549991 123
1757462894736 174.79505215609532 124
1757462894751 172.94698634582915 125
1757462894766 169.83563453968617 126
1757462894779 170.25495364907664 127
1757462894795 166.40389797955746 128
1757462894814 169.4762826848298 129
1757462894824 177.91909878520337 130
1757462894848 169.25110650706716 131
1757462894861 164.73254804728268 132
1757462894879 169.05477731512346 133
1757462894894 164.80922354650988 134
1757462894918 165.1431688272885 135
1757462894940 179.921474918214 136
1757462894962 166.24718713199525 137
1757462894984 178.35782363117673 138
1757462895005 169.94332829502193 139
1757462895023 164.842771244518 140
1757462895040 168.6179724462282 141
1757462895065 170.18465434504733 142
1757462895086 169.85487723938382 143
1757462895104 165.6912278054719 144
1757462895121 170.33997761804474 145
1757462895133 165.1153009337104 146
1757462895150 164.1087773120352 147
1757462895172 169.90456247043662 148
1757462895185 176.65671341780094 149
1757462895199 179.74375363307436 150
1757462895213 165.83095154311368 151
1757462895233 167.7911580080764 152
1757462895244 172.07119299746824 153
1757462895265 163.5455350329639 154
1757462895287 167.23183775487064 155
1757462895307 175.5233734867534 156
1757462895329 172.65338268968867 157
1757462895352 170.7637487512553 158
1757462895375 170.318644761586 159
1757462895389 169.68459434116986 160
1757462895404 163.20772606488282 161
1757462895422 169.79862110985962 162
1757462895446 164.8714101097905 163
1757462895459 167.00828104577698 164
1757462895481 168.24215484984651 165
1757462895495 174.05793506878362 166
1757462895515 172.63673524427855 167
1757462895543 168.27025816611857 168
1757462895559 172.69226046594756 169
1757462895580 168.42388525010216 170
1757462895599 166.79347291648983 171
1757462895618 168.57805234476604 172
1757462895635 167.84588221745088 173
1757462895654 178.14569997443544 174
1757462895687 169.284171023559 175
1757462895700 168.15001253033387 176
1757462895718 168.08681666527357 177
1757462895744 169.5511155534177 178
1757462895825 166.14467549334478 179
1757462895846 171.2540917020245 180
1757462895874 167.85135162036337 181
1757462895905 168.94506218799506 182
1757462895945 169.06231213286142 183
1757462895965 174.2593007031553 184
1757462895986 167.13865940058034 185
1757462896004 163.7628987317332 186
1757462896037 170.9832225462006 187
1757462896066 173.41094475263105 188
1757462896092 174.65813209209776 189
1757462896147 170.6090312632987 190
1757462896241 175.6065803113206 191
1757462896329 169.40508724712703 192
1757462896361 173.81757160634533 193
1757462896378 174.8283942425169 194
1757462896403 173.15207559687076 195
1757462896437 173.84903016435746 196
1757462896479 173.25322356200783 197
1757462896498 170.31833298572056 198
1757462896514 167.27453456157915 199
1757462896526 170.09646502018458 200
1757462896544 168.34850690878994 201
1757462896566 170.1041007113542 202
1757462896582 166.48121089476027 203
1757462896603 171.2796402980402 204
1757462896621 173.1452935179519 205
1757462896649 164.3159641662812 206
1757462896663 164.02405082572054 207
1757462896683 172.69808854102536 208
1757462896697 169.8238827608712 209
1757462896714 163.280700601545 210
1757462896727 170.03973919986143 211
1757462896758 166.85421137332486 212
1757462896780 170.63098779500262 213
1757462896800 169.9251993291983 214
1757462896823 170.28047204639077 215
1757462896846 166.12754830255852 216
1757462896860 172.05888561214297 217
1757462896883 174.99623758366832 218
1757462896898 171.3762583037808 219
1757462896914 170.45635161796758 220
1757462896927 166.94525186815133 221
1757462896956 168.78102256614645 222
1757462896971 169.111130398695 223
1757462896992 169.23361474930303 224
1757462897008 176.49937879001908 225
1757462897024 170.32564166554323 226
1757462897043 169.38954161293208 227
1757462897063 175.05851639083008 228
1757462897075 173.13469818883087 229
1757462897087 172.8255215671603 230
1757462897109 170.81582209417303 231
1757462897124 166.91002687693245 232
1757462897147 178.39788552794914 233
1757462897167 171.58887621741263 234
1757462897179 172.1292895370784 235
1757462897196 169.2900251121568 236
1757462897217 166.5264372794627 237
1757462897244 164.82893667325857 238
1757462897274 172.14628762751337 239
1757462897306 176.46326339465503 240
1757462897330 166.9599276429141 241
1757462897342 170.18989993988902 242
1757462897368 168.53646230564277 243
1757462897390 168.14742976755787 244
