1757462929867 168.87672819721146 0
1757462929876 168.87414859911735 1
1757462929889 168.8692713962287 2
1757462929897 168.86236986136197 3
1757462929925 168.8537052164353 4
1757462929932 168.8435242579658 5
1757462929940 168.83205776641532 6
1757462929951 168.819519552773 7
1757462929962 168.80610601784932 8
1757462929970 168.79199611889226 9
1757462929993 168.7773516546946 10
1757462930010 168.7623177946639 11
1757462930038 168.74702378965821 12
1757462930065 168.73158381299865 13
1757462930081 168.71609788917084 14
1757462930089 168.70065287551824 15
1757462930100 168.68532346887318 16
1757462930108 168.67017321471934 17
1757462930117 168.65525550126117 18
1757462930133 168.6406145248046 19
1757462930147 168.62628621623165 20
1757462930180 168.61229912116863 21
1757462930193 168.59867522877667 22
1757462930201 168.58543074600902 23
1757462930209 168.57257681573577 24
1757462930220 168.56012017838793 25
1757462930233 168.5480637777663 26
1757462930245 168.53640731243235 27
1757462930268 168.52514773468576 28
1757462930283 168.5142796995664 29
1757462930295 168.50379596662094 30
1757462930304 168.49368775737068 31
1757462930328 168.48394507152724 32
1757462930337 168.4745569650395 33
1757462930356 168.46551179303876 34
