1757462449539 162.16608686231228 0
1757462449573 235.51559360298788 1
1757462449611 184.85397538252494 2
1757462449646 8.32919378592756 3
1757462449682 1326.7166422591092 4
1757462449723 145956.4087286954 5
1757462449758 1924842.1096475243 6
1757462449810 54946813.85538846 7
1757462449857 473745169.8050109 8
1757462449898 59794575922.50977 9
1757462449936 501796525921.8683 10
1757462449995 606433021806.268 11
1757462450037 105497280244527.5 12
1757462450075 6.2776870168743304e+16 13
1757462450117 2.9767071057560786e+18 14
1757462450158 7.576632759550652e+18 15
1757462450197 2.3765380237136478e+20 16
1757462450250 3.4718499426935285e+21 17
1757462450293 5.394110668819641e+23 18
1757462450339 9.495617575082318e+24 19
1757462450384 1.3222630690033238e+26 20
1757462450415 3.05741513730284e+28 21
1757462450463 3.086616769551596e+29 22
1757462450500 2.0042285643757953e+31 23
1757462450536 2.178268172561768e+32 24
1757462450570 4.056802909225764e+33 25
1757462450614 6.295274312841109e+35 26
1757462450651 5.433481806668442e+36 27
1757462450689 1.3904755179055498e+38 28
1757462450727 4.478850415614677e+37 29
1757462450795 5.439684225116585e+40 30
1757462450847 3.9114041866942516e+42 31
1757462450896 1.32871933545092e+44 32
1757462450946 3.69529255450971e+45 33
1757462450983 1.826747581951192e+48 34
1757462451020 4.143264606709809e+48 35
1757462451062 1.702363177185968e+50 36
1757462451114 2.0361122122961706e+51 37
1757462451152 2.99342542175959e+52 38
1757462451193 4.327809758769723e+54 39
1757462451240 2.198484098630501e+54 40
1757462451285 2.722767005145061e+57 41
1757462451331 3.404805116559028e+58 42
1757462451379 7.250638957602833e+59 43
1757462451432 5.95507277324437e+61 44
1757462451476 4.976956563954393e+63 45
1757462451522 3.710875735314635e+63 46
1757462451566 7.364515329036149e+65 47
1757462451605 9.70812386067094e+67 48
1757462451677 7.831490049294593e+68 49
1757462451726 2.639156977297464e+68 50
1757462451763 1.3597288864361993e+72 51
1757462451800 8.244439564444829e+72 52
1757462451840 1.0656596381734595e+75 53
1757462451874 7.584803760869858e+75 54
1757462451933 2.358576402485298e+78 55
1757462451976 4.7121067869489235e+79 56
1757462452015 7.779718683544109e+79 57
1757462452089 8.623477465176248e+81 58
1757462452128 6.062631943896375e+82 59
1757462452182 3.53668512684201e+84 60
1757462452241 9.072323356854439e+85 61
1757462452290 1.3111091485116433e+88 62
1757462452334 1.9381719975867687e+88 63
1757462452379 6.888633555051699e+90 64
1757462452424 2.5962226198854497e+92 65
1757462452462 3.377243024306358e+93 66
1757462452507 7.820950730930031e+94 67
1757462452558 2.5821225385116464e+97 68
1757462452597 6.4361857105771126e+97 69
1757462452656 4.954113586004913e+99 70
1757462452704 1.4422973466936345e+101 71
1757462452740 1.1742402697630844e+102 72
1757462452789 4.8655140569637613e+104 73
1757462452830 2.592718982803679e+106 74
1757462452889 4.4004408244074774e+106 75
1757462452943 7.549507952112281e+107 76
1757462452981 1.9275911272834374e+110 77
1757462453020 1.0885058542455137e+112 78
1757462453069 6.214553103172492e+112 79
1757462453109 2.2631059774083485e+113 80
1757462453159 2.209861549894611e+116 81
1757462453208 1.2825166208683206e+117 82
1757462453254 2.572196751979353e+118 83
1757462453298 6.288326090462316e+119 84
1757462453346 5.923576560476737e+120 85
1757462453383 3.807292788658263e+122 86
1757462453422 1.562923208184178e+124 87
1757462453467 2.5971048527504294e+126 88
1757462453500 2.118142213840201e+126 89
1757462453543 1.5611310331359136e+129 90
1757462453590 3.38461775091156e+130 91
1757462453629 2.8035111406629753e+131 92
1757462453680 3.8652398373497415e+131 93
1757462453715 7.214843690596861e+134 94
1757462453759 9.94536031118928e+135 95
1757462453793 4.9490850020496206e+137 96
1757462453829 6.878804775889815e+138 97
1757462453878 2.051481125383481e+140 98
1757462453918 6.478399259113185e+141 99
1757462453967 1.5267836334163179e+143 100
1757462454007 3.869031873356729e+144 101
1757462454053 2.765183544198176e+147 102
1757462454100 3.005962580753174e+148 103
1757462454160 3.858007649372664e+149 104
1757462454212 1.1707067902878442e+151 105
1757462454250 1.812844933952629e+152 106
1757462454286 2.1330338734511804e+154 107
1757462454325 5.541077609122613e+154 108
1757462454362 3.280758549656476e+155 109
1757462454400 1.4798193563692237e+158 110
1757462454436 4.422534512671541e+159 111
1757462454496 1.7111967536706755e+158 112
1757462454542 5.616233137041812e+161 113
1757462454584 2.3581517162844006e+162 114
1757462454632 2.5094771785861672e+165 115
1757462454680 1.0348753167893872e+166 116
1757462454716 1.8406829192629405e+168 117
1757462454778 6.273716123004055e+169 118
1757462454822 1.896401104681007e+170 119
1757462454865 1.2907690979680158e+174 120
1757462454914 4.2201213953458756e+173 121
1757462454963 9.522209945166415e+174 122
1757462455005 3.10827355295168e+177 123
1757462455041 3.3419001847749426e+178 124
1757462455085 3.974517947670271e+179 125
1757462455137 7.669011723011605e+180 126
1757462455180 3.390408753312347e+182 127
1757462455225 1.0100400832220759e+184 128
1757462455264 2.2107658844737256e+185 129
1757462455314 2.3838099457186582e+187 130
1757462455379 6.268815704293073e+189 131
1757462455421 2.9741808599413175e+190 132
1757462455465 2.8727429708489748e+190 133
1757462455505 1.4208016207917752e+193 134
1757462455549 3.598347101008394e+193 135
1757462455590 4.1435495518777775e+194 136
1757462455635 1.6385560325818246e+198 137
1757462455688 2.0984970044073804e+198 138
1757462455748 9.169530897243829e+199 139
1757462455797 8.731788420157665e+201 140
1757462455847 1.12879851028112e+203 141
1757462455896 3.112436984387627e+204 142
1757462455937 1.369336769863445e+206 143
1757462455982 6.687165646595074e+207 144
1757462456028 1.36855716407253e+209 145
1757462456072 2.0663015617737155e+210 146
1757462456123 1.0895901154798287e+212 147
1757462456170 1.3856023880507596e+213 148
1757462456215 8.091918394217525e+214 149
1757462456279 2.3544201847282495e+216 150
1757462456317 8.999879207082405e+217 151
1757462456366 6.696627860683559e+219 152
1757462456413 9.222053167497519e+220 153
1757462456459 6.069946221243338e+222 154
1757462456497 1.7455986790410944e+224 155
1757462456546 7.925024271790133e+224 156
1757462456594 1.4121004521861228e+227 157
1757462456656 4.055206080445168e+227 158
1757462456702 2.320398238771249e+229 159
1757462456751 1.111095197856554e+232 160
1757462456795 6.969094757851482e+232 161
1757462456832 2.1837934387727575e+235 162
1757462456885 3.027341583065429e+235 163
1757462456941 5.454146097261129e+235 164
1757462456994 2.5898636149827036e+238 165
1757462457037 2.274955290716262e+239 166
1757462457092 2.4340442941836604e+241 167
1757462457152 4.428306203169708e+242 168
1757462457208 8.405942621616982e+243 169
1757462457247 3.374006508842471e+245 170
1757462457292 3.436552559536722e+247 171
1757462457335 2.0195223127263813e+248 172
1757462457387 1.0345259868644714e+250 173
1757462457439 4.413651692831255e+251 174
1757462457482 9.322819265769491e+252 175
1757462457536 9.717337900645875e+254 176
1757462457580 3.3862601453474534e+256 177
1757462457619 1.9449309953352866e+257 178
1757462457655 4.628409396929026e+258 179
1757462457701 2.928456504369308e+261 180
1757462457747 3.376185653968875e+260 181
1757462457797 4.209433430667434e+263 182
1757462457848 1.1140862104369643e+261 183
1757462457895 2.3478610423969745e+266 184
1757462457946 6.358538344502131e+265 185
1757462457983 9.267976197644082e+268 186
1757462458024 7.878362215268847e+269 187
1757462458067 5.477727070802511e+270 188
1757462458115 3.045306476637394e+273 189
1757462458154 5.808472140829817e+273 190
1757462458197 7.040046298797004e+275 191
1757462458249 2.9834709998855643e+277 192
1757462458291 7.690691622638971e+278 193
1757462458324 9.276171546493078e+281 194
1757462458369 3.329244129972251e+282 195
1757462458412 7.024951187760734e+283 196
1757462458467 1.0875249444997497e+285 197
1757462458517 3.411279883862906e+286 198
1757462458558 2.9611465373836136e+288 199
1757462458599 1.0960666196828071e+289 200
1757462458642 2.0448939609555485e+290 201
1757462458682 4.050617241381045e+293 202
1757462458726 6.930304525807035e+293 203
1757462458776 6.366477259089422e+294 204
1757462458830 5.0681987518403916e+296 205
1757462458873 7.924376785382845e+294 206
1757462458919 7.581963711684806e+299 207
1757462458971 1.2992154488226848e+300 208
1757462459016 4.498756884250574e+302 209
1757462459062 6.052027834818046e+303 210
1757462459101 3.000004253993188e+305 211
1757462459152 5.915381583064279e+307 212
