1757462692403 143.62554193783984 0
1757462692456 201.21442264381642 1
1757462692502 152.32432376772152 2
1757462692549 184.34735923218855 3
1757462692614 158.51404379591565 4
1757462692661 186.5985053883003 5
1757462692704 149.98102863121719 6
1757462692754 187.66996538215818 7
1757462692823 147.12029158736604 8
1757462692875 177.89811759792204 9
1757462692931 183.9364081404257 10
1757462692984 165.8855776721974 11
1757462693038 169.55918113945052 12
1757462693090 163.1658017833514 13
1757462693138 173.92408167554743 14
1757462693184 203.02469376444733 15
1757462693234 192.43908524703332 16
1757462693294 173.6741707965722 17
1757462693340 166.87327769039302 18
1757462693394 159.69139109478922 19
1757462693455 210.66450976733782 20
1757462693503 160.02901823690613 21
1757462693559 185.04143484873825 22
1757462693616 186.56171497143183 23
1757462693728 199.48995142695733 24
1757462693782 162.06012487180294 25
1757462693849 168.24171100510145 26
1757462693897 157.77310039592757 27
1757462693944 171.0856525676689 28
1757462694001 130.17247245337313 29
1757462694044 163.1712786580939 30
1757462694102 187.5658272725855 31
1757462694144 143.32029104953747 32
1757462694205 167.78008463686805 33
1757462694258 178.05007703814073 34
1757462694315 178.86330110463018 35
1757462694404 182.39141213401624 36
1757462694456 165.29383407704066 37
1757462694511 165.31520910419133 38
1757462694557 172.49404516162642 39
1757462694604 162.2402164649552 40
1757462694657 150.0247541288159 41
1757462694729 164.2497505501158 42
1757462694786 177.7329580775236 43
1757462694858 130.29630486879526 44
1757462694930 176.0352326330752 45
1757462694975 179.8974493696556 46
1757462695025 168.2099200438176 47
1757462695070 168.99330000578732 48
1757462695126 190.81881566627166 49
1757462695179 177.20268496968103 50
1757462695234 180.9496702085375 51
1757462695279 179.41750969543557 52
1757462695367 157.13317023901095 53
1757462695425 167.0613975584125 54
1757462695466 174.93680615015614 55
1757462695509 166.28037426567877 56
1757462695560 157.8505717064006 57
1757462695617 182.67370703492026 58
1757462695665 151.88019215072725 59
1757462695722 187.7342638760095 60
1757462695780 154.45373073824067 61
1757462695835 174.11923713268789 62
1757462695878 157.92376428527848 63
1757462695938 162.20147313475334 64
1757462695986 152.14363069938008 65
1757462696042 170.39425423007637 66
1757462696094 176.61006125281648 67
1757462696149 163.26946481587262 68
1757462696207 191.1191942642788 69
1757462696265 137.04978122343405 70
1757462696311 151.07032669242574 71
1757462696363 234.56804806507864 72
1757462696422 189.2519238005002 73
1757462696484 151.90262121809127 74
1757462696533 189.01967434333918 75
1757462696601 159.15957877466997 76
1757462696665 158.74141472641654 77
1757462696745 191.03708558477058 78
1757462696811 167.41332441093073 79
1757462696863 162.89670027507182 80
1757462696933 155.7988427992953 81
1757462696986 123.87028722299561 82
1757462697040 143.3749248218733 83
1757462697096 164.63727527460154 84
1757462697155 148.88520248192398 85
1757462697224 132.3422954017982 86
1757462697300 184.79843444472453 87
1757462697353 157.84658849922252 88
1757462697397 181.22915306586924 89
1757462697438 153.21131651387688 90
1757462697483 161.767297975267 91
1757462697531 145.4601595674116 92
1757462697574 148.05031496413625 93
1757462697612 131.15594752214002 94
1757462697650 159.88106391981376 95
1757462697698 135.3047706650541 96
1757462697758 134.50238849058871 97
1757462697811 163.66565906562835 98
1757462697873 187.41475611836879 99
1757462697918 164.6664463198368 100
1757462697971 151.6150859717144 101
1757462698021 150.83042331466058 102
1757462698060 174.38761984096195 103
1757462698117 184.18124116239835 104
1757462698177 167.80480259454308 105
1757462698228 174.50682296209828 106
1757462698272 218.37124686275803 107
1757462698328 133.10764968464142 108
1757462698380 149.31768124985686 109
1757462698423 170.15475891162035 110
1757462698475 161.66258439514598 111
1757462698521 138.9885513751829 112
1757462698579 213.75062725813004 113
1757462698638 189.08819760615864 114
1757462698688 170.97510232140138 115
1757462698739 169.77755713591858 116
1757462698811 155.8498241361624 117
1757462698871 159.33140572400973 118
1757462698931 174.53299454774591 119
1757462698991 159.7021786178032 120
1757462699042 145.19084282781904 121
1757462699116 169.2189911922954 122
1757462699172 157.50734382947945 123
1757462699239 153.7089586996844 124
1757462699301 160.52062639839332 125
1757462699363 156.0290044100186 126
1757462699435 127.23834734361044 127
1757462699491 171.54326334924218 128
1757462699540 141.11207332696827 129
1757462699596 166.89207089023466 130
1757462699646 154.80284731972804 131
1757462699708 146.43955883817515 132
1757462699761 157.24815923229693 133
1757462699826 155.32573990707812 134
1757462699891 155.3985965497233 135
1757462699961 144.50659706488295 136
1757462700007 183.9316498258079 137
1757462700066 147.19233195139276 138
1757462700119 116.05713157150937 139
1757462700188 140.4092920752126 140
1757462700262 140.1998521152819 141
1757462700328 178.1222498973658 142
1757462700380 149.340297504147 143
1757462700434 166.90136174405612 144
1757462700485 149.67568560298992 145
1757462700539 136.15538686519432 146
1757462700585 143.645932282463 147
1757462700640 157.82835743678186 148
1757462700697 154.22546944771418 149
1757462700759 169.91051914305604 150
1757462700826 141.31072861347326 151
1757462700906 143.81586482340674 152
1757462700987 137.8757769306666 153
1757462701036 172.39559208622273 154
1757462701092 155.52268127040534 155
1757462701144 146.35436317658613 156
1757462701201 144.04749842046886 157
1757462701252 174.89980129054115 158
1757462701309 126.52101736143375 159
1757462701368 173.52865524914358 160
1757462701439 157.93249081276906 161
1757462701494 138.5883782736864 162
1757462701545 157.81732400095933 163
1757462701591 140.9905239555704 164
1757462701662 126.39517708817196 165
1757462701713 160.8009780197753 166
1757462701768 136.85858686102532 167
1757462701833 163.39500253899539 168
1757462701894 150.34138874608004 169
1757462701952 150.64055643950744 170
1757462702004 171.05220999320895 171
1757462702059 133.8662709776431 172
1757462702110 212.9453408075324 173
1757462702168 167.46107018603806 174
1757462702215 162.75385192395728 175
1757462702253 150.14256099823308 176
1757462702309 159.9023121192884 177
1757462702355 158.25676085806018 178
1757462702408 173.00687166885103 179
1757462702467 158.3207010310053 180
1757462702513 160.15728829469464 181
1757462702558 173.825218157652 182
1757462702616 152.05412040335545 183
1757462702680 167.32057796275993 184
1757462702729 161.67982967801996 185
1757462702784 172.36606025746732 186
1757462702830 156.73480686082272 187
1757462702889 146.73730431403632 188
1757462702943 182.52034806078785 189
1757462703003 173.88246251842145 190
1757462703059 171.49031723750642 191
1757462703118 161.6868674391576 192
1757462703168 122.61569794697756 193
1757462703219 167.96080697913283 194
1757462703264 150.9449627366354 195
1757462703314 168.63535869827479 196
1757462703374 160.9877246551716 197
1757462703428 140.86589650133402 198
1757462703478 168.73534638046635 199
1757462703539 154.69008981009938 200
1757462703593 138.1768956803522 201
1757462703646 161.6552695921635 202
1757462703699 445.44144703173606 203
1757462703757 134.19088782659168 204
1757462703816 150.96960008786655 205
1757462703876 144.32300252561578 206
1757462703935 152.04396382831519 207
1757462703986 139.46970611710077 208
1757462704044 116.99836787673674 209
1757462704106 168.82291088298408 210
1757462704217 166.89236034927063 211
1757462704266 162.75685671872952 212
1757462704355 179.26691497300646 213
1757462704411 158.3747690214589 214
1757462704463 166.08053813915677 215
1757462704503 153.32376077887136 216
1757462704543 154.7783620586509 217
1757462704590 151.20927682661517 218
1757462704646 156.35370530896634 219
1757462704694 127.38309639200041 220
1757462704752 194.14347737851466 221
1757462704815 185.7715173730794 222
1757462704874 246.2651125380208 223
1757462704943 158.87482107311743 224
1757462705011 148.44639167100743 225
1757462705071 146.8062804091853 226
1757462705129 149.90521420624995 227
1757462705188 144.51810546244027 228
1757462705251 170.68478646727291 229
1757462705310 144.02168595443675 230
1757462705365 172.0064311784191 231
1757462705425 157.38042249964096 232
1757462705482 178.67082989859423 233
1757462705533 175.2384476131179 234
1757462705578 156.40957374992485 235
1757462705630 135.31032701425673 236
1757462705691 135.49094164559523 237
1757462705763 165.95948018990813 238
1757462705815 150.01855791379728 239
1757462705879 143.2974261735879 240
1757462705942 177.645142527096 241
1757462706007 155.65431687782066 242
1757462706058 146.11377165998053 243
1757462706116 126.53264774205861 244
1757462706174 143.51219251106014 245
1757462706227 151.5577628602013 246
1757462706290 154.29911236349918 247
1757462706342 148.37373700724257 248
1757462706384 138.7398326442903 249
1757462706424 151.25352417387066 250
1757462706486 148.34322859529556 251
1757462706541 180.73000454349835 252
1757462706600 157.10804686379714 253
1757462706665 123.77125552054733 254
1757462706718 155.92934906921923 255
1757462706773 153.9803354488201 256
1757462706823 132.85589644177864 257
1757462706889 163.90788986135678 258
1757462706936 144.87935539712655 259
1757462707046 142.1410671498215 260
1757462707103 176.10854895457322 261
1757462707152 131.6014242217175 262
1757462707210 146.2837733905955 263
1757462707264 174.00769225659113 264
1757462707322 154.72009651496816 265
1757462707377 143.9120986472313 266
1757462707439 212.75180134790375 267
1757462707496 160.02777856286497 268
1757462707549 158.98145312706086 269
1757462707614 143.81394426053973 270
1757462707675 142.52025587958315 271
1757462707733 157.52642886279136 272
1757462707785 135.09419163733267 273
1757462707863 158.97513265235162 274
1757462707923 176.63166304215358 275
1757462707994 159.62078142118924 276
1757462708058 154.52237910921343 277
1757462708127 149.85731450185352 278
1757462708180 167.10405538358077 279
1757462708241 154.4079233348952 280
1757462708296 134.75375990177616 281
1757462708355 185.60214317532785 282
1757462708424 136.4970163156868 283
1757462708483 174.78135374723752 284
1757462708542 158.3089443233437 285
1757462708598 160.10694692232337 286
1757462708645 136.7387803207394 287
1757462708708 167.3086843869537 288
1757462708768 171.7021108351264 289
1757462708842 123.0885482565468 290
1757462708908 164.73564360206058 291
1757462708972 150.10738715017587 292
1757462709029 154.39577017783355 293
1757462709089 154.9664002312198 294
1757462709151 152.99314492756682 295
1757462709237 162.06817363178683 296
1757462709304 140.208701811687 297
1757462709376 123.38229357461944 298
1757462709431 142.56269171936714 299
1757462709507 136.76891356610602 300
1757462709568 161.8331742761527 301
1757462709638 144.73344886010563 302
1757462709689 147.5806749851538 303
1757462709752 158.68740172489487 304
1757462709808 153.4247797125445 305
1757462709864 136.86770183434288 306
1757462709918 128.85978117422468 307
1757462709980 167.50629728993388 308
1757462710045 140.45268813141226 309
1757462710096 151.66802525111908 310
1757462710167 136.929394905229 311
1757462710227 144.1828437589136 312
1757462710341 142.27600686680418 313
1757462710408 157.20781499038253 314
1757462710473 143.14745260885482 315
1757462710533 150.8776704486831 316
1757462710603 148.01372565996346 317
1757462710658 131.9959710214165 318
1757462710716 146.68206876261718 319
1757462710765 133.2884952056353 320
1757462710827 138.77219138386667 321
1757462710908 147.35668038840058 322
1757462710976 153.95430219761533 323
1757462711026 155.21056600045202 324
1757462711074 158.94621450170865 325
1757462711128 148.8988060065888 326
1757462711179 148.868050474647 327
1757462711237 161.52963589281396 328
1757462711292 136.85162953546595 329
1757462711354 133.75402853106797 330
1757462711420 140.19443385258646 331
1757462711474 154.0440684326751 332
1757462711554 164.87219524241902 333
1757462711606 156.33874324676702 334
1757462711660 151.73238702799662 335
1757462711717 129.69604310939616 336
1757462711773 153.58672691952498 337
1757462711820 145.3723757328376 338
1757462711879 166.0956822808191 339
1757462711935 129.35721726586485 340
1757462711994 157.11958932349856 341
1757462712062 168.87073929476693 342
1757462712119 161.3842324553193 343
1757462712176 144.0793670372533 344
1757462712236 159.602423450445 345
1757462712304 141.4365413620284 346
1757462712363 161.85527268904417 347
1757462712423 153.52147410422108 348
1757462712483 136.67762396285408 349
1757462712545 164.62909132851837 350
1757462712611 149.12404081808583 351
1757462712684 137.13443208619944 352
1757462712739 157.6594625689055 353
1757462712798 170.32494943592883 354
1757462712867 271.40277177721913 355
1757462712946 131.2045035377017 356
1757462713022 152.77284442404823 357
1757462713089 157.655083504668 358
1757462713149 142.12397896580777 359
1757462713209 141.51828560652098 360
1757462713266 126.44767960302069 361
1757462713320 133.9188141184022 362
1757462713378 150.30954820355365 363
1757462713454 154.86560177459134 364
1757462713513 144.3189618292278 365
1757462713571 136.0227773171895 366
1757462713647 143.72402732732155 367
1757462713726 163.06098189748394 368
1757462713783 158.5964985465933 369
1757462713845 160.18611850323137 370
1757462713901 134.31064446922556 371
1757462713960 156.95112391673004 372
1757462714014 164.55290607854286 373
1757462714073 153.6697024738378 374
1757462714139 147.40438760384333 375
1757462714194 163.79599987637403 376
1757462714280 133.2198123864418 377
1757462714336 127.98927229077617 378
1757462714391 157.30316078778753 379
1757462714448 137.89163857647483 380
1757462714500 140.4710963774094 381
1757462714564 164.512809954553 382
1757462714624 163.61093435739704 383
1757462714685 138.64023309222787 384
1757462714748 140.26683547637748 385
1757462714806 168.30215323062058 386
1757462714865 140.28116377050887 387
1757462714957 145.73898192918548 388
1757462715047 156.0092121555093 389
1757462715143 149.5841890542474 390
1757462715206 148.34546296090258 391
1757462715255 139.10226711481258 392
1757462715315 162.2058874542131 393
1757462715384 147.85085815214276 394
1757462715436 151.40520311586582 395
1757462715490 140.9920965123564 396
1757462715550 132.3063183983728 397
1757462715619 139.47634084954345 398
1757462715689 162.44699737906504 399
1757462715742 151.18523731185803 400
1757462715802 124.39471039748412 401
1757462715864 152.94273049411936 402
1757462715928 151.81788430620279 403
1757462715984 167.003790369465 404
1757462716041 161.2509935346314 405
1757462716097 141.8581937353802 406
1757462716195 133.99063688208273 407
1757462716272 145.45887733231933 408
1757462716345 180.77010624713841 409
1757462716411 145.03831978081445 410
1757462716521 135.82302883228388 411
1757462716582 139.40677424707957 412
1757462716645 158.35048382999827 413
1757462716709 139.23061910033024 414
1757462716775 130.36536760409555 415
1757462716839 146.57917942538558 416
1757462716908 143.38443768138316 417
1757462716984 123.76945664923008 418
1757462717050 176.76592041213132 419
1757462717123 137.51761351331837 420
1757462717186 118.82437366671343 421
1757462717246 138.08991652160347 422
1757462717306 154.80081541783383 423
1757462717388 139.08681975571903 424
1757462717449 159.25987439035666 425
1757462717549 148.04940030353202 426
1757462717632 116.8174665552999 427
1757462717689 139.77866936160885 428
1757462717746 152.62727007107975 429
1757462717799 137.4875000776371 430
1757462717863 117.00172041638139 431
1757462717920 151.06030237354852 432
1757462717985 126.2382957256575 433
1757462718059 140.85993773144355 434
1757462718118 157.0504984284535 435
1757462718181 117.67727537726101 436
1757462718240 146.47089165366685 437
1757462718308 148.08028666081313 438
1757462718366 136.47080187794685 439
1757462718425 154.92751023599462 440
1757462718499 148.57597875128954 441
1757462718559 130.05082060244243 442
1757462718623 148.2066748963912 443
1757462718686 147.56747256633403 444
1757462718742 118.4825317167552 445
1757462718803 139.31722393340598 446
1757462718873 127.18058449919238 447
1757462718968 145.46568769397678 448
1757462719042 129.4052396821006 449
1757462719115 154.8168599747694 450
1757462719225 149.12729693030707 451
1757462719287 119.0174142050644 452
1757462719340 140.6851765349804 453
1757462719399 150.69945786654523 454
1757462719460 165.72170230952725 455
1757462719528 164.38794268152742 456
1757462719607 138.35361407934687 457
1757462719670 135.54103654194878 458
1757462719735 152.20362477921753 459
1757462719803 139.68501858312743 460
1757462719867 134.5300226207778 461
1757462719926 139.31519829691038 462
1757462719988 165.19950440002677 463
1757462720046 140.63347961364042 464
1757462720116 174.1068272790984 465
1757462720173 138.20787728002114 466
1757462720236 130.98656866711133 467
1757462720302 143.91752627724918 468
1757462720363 113.47341654708701 469
1757462720424 161.58207372187388 470
1757462720492 150.55188593733155 471
1757462720548 152.36991439850675 472
1757462720613 148.09017894116684 473
1757462720677 142.8300758690071 474
1757462720737 168.24724389943103 475
1757462720798 144.61851113888918 476
1757462720873 172.69085861692398 477
1757462720934 148.4917927712452 478
1757462720987 140.26738613000003 479
1757462721051 154.12487407708977 480
1757462721122 151.78214697240676 481
1757462721179 149.0495359958738 482
1757462721244 144.00955635323362 483
1757462721298 99.15166007857844 484
1757462721360 184.247595558982 485
1757462721426 148.86451876198578 486
1757462721489 152.77649265827827 487
1757462721546 148.38960690937753 488
1757462721600 150.0173749897967 489
1757462721683 144.4830648028147 490
1757462721744 166.10647209057592 491
1757462721800 135.1119644281775 492
1757462721861 123.5318282087612 493
1757462721924 156.3748069774936 494
1757462721984 149.4514608399446 495
1757462722053 136.93498029786346 496
1757462722107 126.47080812011566 497
1757462722176 146.86815396194064 498
1757462722246 128.52206868680278 499
