1757462600124 168.87672819721146 0
1757462600137 168.87414859911735 1
1757462600145 168.8715817953638 2
1757462600152 168.86902770830434 3
1757462600169 168.86648626080603 4
1757462600180 168.86395737624582 5
1757462600187 168.86144097850726 6
1757462600196 168.8589369919768 7
1757462600218 168.85644534154048 8
1757462600228 168.8539659525803 9
1757462600246 168.85149875097102 10
1757462600257 168.84904366307674 11
1757462600274 168.84660061574746 12
1757462600283 168.8441695363157 13
1757462600295 168.8417503525933 14
1757462600313 168.839342992868 15
1757462600339 168.8369473859004 16
1757462600348 168.83456346092046 17
1757462600359 168.83219114762434 18
1757462600372 168.8298303761713 19
1757462600381 168.82748107718038 20
1757462600395 168.82514318172738 21
1757462600410 168.82281662134167 22
1757462600479 168.820501328003 23
1757462600499 168.8181972341385 24
1757462600505 168.81590427261963 25
1757462600522 168.813622376759 26
1757462600539 168.81135148030754 27
1757462600558 168.80909151745124 28
1757462600576 168.80684242280847 29
1757462600592 168.80460413142677 30
1757462600605 168.80237657878 31
1757462600612 168.80015970076548 32
1757462600625 168.79795343370085 33
1757462600635 168.79575771432155 34
1757462600648 168.79357247977765 35
