1757462411468 2905641531.9199 0
1757462411514 2.6036004763444085e+19 1
1757462411560 9.086584312256865e+29 2
1757462411605 1.7528397759895203e+41 3
1757462411648 6.403574718058453e+50 4
1757462411690 6.517672911865375e+62 5
1757462411732 5.200153016823192e+73 6
1757462411764 7.397918984153533e+83 7
1757462411805 3.9906537956429583e+93 8
1757462411847 4.400696188022248e+104 9
1757462411896 7.088272649294757e+117 10
1757462411935 2.2209038251050415e+128 11
1757462411970 9.324164572818229e+136 12
1757462412015 9.965378750987993e+148 13
1757462412057 1.2465477608906611e+160 14
1757462412094 7.21974735219682e+172 15
1757462412129 7.066992613691973e+181 16
1757462412172 2.0318708933568778e+194 17
1757462412206 2.0307202260333014e+202 18
1757462412261 4.043995813381222e+213 19
1757462412314 3.1880966053955013e+224 20
1757462412359 1.2496981084004e+236 21
1757462412397 1.5909942028502984e+246 22
1757462412434 2.561610049768955e+257 23
1757462412493 1.4461979813676571e+268 24
1757462412540 2.2149542506006584e+278 25
1757462412578 4.220424466438557e+288 26
1757462412612 1.1981081880422542e+299 27
1757462412659 inf 28
1757462412720 inf 29
