1757462812526 184.94402612346994 0
1757462812579 172.10417133927893 1
1757462812637 174.06177012934924 2
1757462812689 155.3025661978428 3
1757462812752 176.79657712120112 4
1757462812806 172.67478733680414 5
1757462812860 156.25292263636342 6
1757462812896 149.6612026786271 7
1757462812937 155.98165123190603 8
1757462812991 183.44962909747662 9
1757462813033 162.07042973550705 10
1757462813077 173.34151204267135 11
1757462813129 142.18479944407164 12
1757462813182 144.7478631810615 13
1757462813228 176.26340485969195 14
1757462813276 134.52553994390902 15
1757462813324 139.60587544419892 16
1757462813371 143.24478789212637 17
1757462813435 168.4298206909373 18
1757462813488 171.6208281939478 19
1757462813538 182.0000925216315 20
1757462813580 174.0584307743175 21
1757462813645 144.64126826597573 22
1757462813712 159.0489704032327 23
1757462813766 174.51202455843992 24
1757462813835 171.729230320423 25
1757462813887 192.4905647078322 26
1757462813931 137.17178079674565 27
1757462813984 180.72864170056434 28
1757462814026 163.8611212740399 29
1757462814067 168.95113047642832 30
1757462814108 158.6571834820594 31
1757462814145 168.2627626437879 32
1757462814191 167.34873699362876 33
1757462814230 151.8740620719095 34
1757462814267 165.25432376372817 35
1757462814309 168.09349985033688 36
1757462814353 170.14907447253094 37
1757462814396 191.36066374052703 38
1757462814441 147.7079002045317 39
1757462814505 179.74985134164555 40
1757462814557 145.88591479655938 41
1757462814605 144.5356482062903 42
1757462814652 137.2244747666166 43
1757462814708 189.53771373564717 44
1757462814766 159.04015031270407 45
1757462814803 136.07302336801217 46
1757462814853 155.20767251538373 47
1757462814898 139.8351345230996 48
1757462814939 157.34742932044162 49
1757462814999 159.5586046535336 50
1757462815058 125.89530041589349 51
1757462815105 181.92031801362663 52
1757462815148 168.6156142387188 53
1757462815212 164.90181346431854 54
1757462815307 176.00736514993298 55
1757462815376 173.78471772228923 56
1757462815433 163.0100729090387 57
1757462815478 160.8109067753915 58
1757462815526 160.76364132057054 59
1757462815580 156.62178598463555 60
1757462815630 159.20641906700052 61
1757462815687 182.48186819135415 62
1757462815756 139.6001798270445 63
1757462815818 154.28440267667295 64
1757462815865 169.91589137287204 65
1757462815909 166.90597225907874 66
1757462815957 145.44185064001115 67
1757462816005 175.23824959407577 68
1757462816064 154.01382204735296 69
1757462816106 137.11859446966307 70
1757462816156 152.22713198693188 71
1757462816208 165.18610882231062 72
1757462816259 180.70390850689563 73
1757462816313 167.6202600658246 74
1757462816365 164.37407197962554 75
1757462816412 185.55605215846987 76
1757462816466 151.35378722308414 77
1757462816516 169.0047521155005 78
1757462816563 168.4810918163872 79
1757462816608 176.89896133923753 80
1757462816660 163.2623090176618 81
1757462816732 182.51826237263643 82
1757462816793 162.0677089564238 83
1757462816841 165.17358872933153 84
1757462816909 168.06648668640977 85
1757462816961 134.03686564965196 86
1757462817020 122.02946110387748 87
1757462817076 154.39240803595686 88
1757462817135 162.79462608777288 89
1757462817213 161.6693582432305 90
1757462817263 161.4136642273006 91
1757462817308 153.9433098840006 92
1757462817366 125.9049752644577 93
1757462817423 146.5079897384874 94
1757462817468 151.921634935447 95
1757462817531 184.3371084735431 96
1757462817589 148.45009639414837 97
1757462817659 152.54822376668366 98
1757462817714 151.47891137669433 99
1757462817781 139.71516275215768 100
1757462817858 165.57155317498578 101
1757462817937 166.0016535411836 102
1757462817989 153.16268234667055 103
1757462818042 178.43563501583162 104
1757462818102 152.83922764033733 105
1757462818161 184.28803549092336 106
1757462818223 168.33748892538125 107
1757462818281 167.85809548530077 108
1757462818330 158.9087114928774 109
1757462818374 178.1047438703718 110
1757462818443 147.2427425850201 111
1757462818507 165.9700323385817 112
1757462818562 158.86542963917083 113
1757462818611 173.13188767190158 114
1757462818661 206.80376376772847 115
1757462818728 194.79205510392643 116
1757462818786 158.48454749732502 117
1757462818835 177.86608033196774 118
1757462818886 175.69010059793823 119
1757462818936 160.57219592060494 120
1757462818985 166.8306469809464 121
1757462819042 149.67119733419375 122
1757462819090 160.64215181709685 123
1757462819144 182.0265264305821 124
1757462819195 144.4596232883815 125
1757462819253 159.85225349752432 126
1757462819294 512.861140798847 127
1757462819351 162.62009532672212 128
1757462819404 167.6701263077708 129
1757462819466 145.14778623981405 130
1757462819516 163.2011868634988 131
1757462819569 146.07520416145871 132
1757462819622 159.61427689271858 133
1757462819682 127.57920880793446 134
1757462819748 169.40508103535643 135
1757462819793 176.37771459491498 136
1757462819847 166.7011593244252 137
1757462819902 141.5224809105423 138
1757462819961 155.11315939914152 139
1757462820023 154.73924501218366 140
1757462820088 169.46181229587552 141
1757462820143 152.90002592662134 142
1757462820193 132.07689099654422 143
1757462820238 158.2071800173797 144
1757462820278 165.84402234942428 145
1757462820328 150.33167193178303 146
1757462820384 150.44084943929153 147
1757462820436 158.6587269462172 148
1757462820491 149.80312360428542 149
1757462820557 173.4102376779376 150
1757462820624 158.65906389465866 151
1757462820666 151.25597761203284 152
1757462820719 165.2716190658366 153
1757462820791 155.06190854599032 154
1757462820850 138.70371607877897 155
1757462820901 162.4265471119728 156
1757462820974 155.853118244837 157
1757462821020 148.74641954674956 158
1757462821078 153.88248591513093 159
1757462821127 177.45595318474176 160
1757462821189 153.6650897038588 161
1757462821258 161.5308661469939 162
1757462821318 158.85780830549834 163
1757462821374 170.64578123874412 164
1757462821431 162.9010810675476 165
1757462821491 171.66818332717116 166
1757462821551 155.53818982662244 167
1757462821603 149.68525347754087 168
1757462821658 165.66851161176928 169
1757462821715 143.4044173339204 170
1757462821765 123.758189795979 171
1757462821822 118.24052517148061 172
1757462821872 151.5229526210428 173
1757462821927 158.80104805129307 174
1757462821984 164.63504879729317 175
1757462822043 151.62454061673319 176
1757462822098 147.45733810727054 177
1757462822155 134.9986291688294 178
1757462822222 174.98946327780942 179
1757462822271 152.58917775789658 180
1757462822323 146.06194811811332 181
1757462822368 161.5741129630289 182
1757462822408 164.23480025761225 183
1757462822462 140.37716025464923 184
1757462822517 182.99445523762057 185
1757462822577 162.00841443766433 186
1757462822633 162.97578114142638 187
1757462822694 152.47736416344512 188
1757462822757 169.04049499463224 189
1757462822811 165.70957445088266 190
1757462822863 152.56651357686357 191
1757462822923 147.19677580318043 192
1757462822979 152.574607699139 193
1757462823041 155.42257372800574 194
1757462823099 148.30534490149614 195
1757462823159 159.51832943151436 196
1757462823221 142.01962527612943 197
1757462823281 172.45718489040044 198
1757462823345 170.26872335129528 199
1757462823395 172.63407872200864 200
1757462823460 155.30900857769456 201
1757462823522 121.39443573151136 202
1757462823579 141.91020380267022 203
1757462823627 175.53960938503053 204
1757462823684 116.4371098801366 205
1757462823752 159.08786974650099 206
1757462823814 147.2699188228557 207
1757462823869 151.21308443205876 208
1757462823928 140.80998023026942 209
1757462823980 125.14019568949564 210
1757462824034 144.05392565247934 211
1757462824090 146.20135817336737 212
1757462824143 135.3915080836226 213
1757462824198 152.1844373840292 214
1757462824260 153.6053831272714 215
1757462824315 149.05467924578124 216
1757462824366 157.83051628086676 217
1757462824429 134.64707273166326 218
1757462824494 160.61020157870064 219
1757462824556 166.18700190817395 220
1757462824632 158.91925297545598 221
1757462824709 151.25754271640764 222
1757462824762 172.2732549556378 223
1757462824805 173.82107178362128 224
1757462824915 160.25158419280933 225
1757462824982 155.04531300320843 226
1757462825056 132.79095857771352 227
1757462825121 130.12901018616606 228
1757462825206 169.64476187084406 229
1757462825259 489.61051417995844 230
1757462825304 154.8486100016539 231
1757462825352 169.04600101533902 232
1757462825408 158.73537693279306 233
1757462825458 162.451028782339 234
1757462825513 128.48770211584082 235
1757462825596 151.89123293406124 236
1757462825675 151.3908504944685 237
1757462825725 168.27016923701993 238
1757462825778 191.8978565097551 239
1757462825836 146.36545244730647 240
1757462825887 156.75237783077537 241
1757462825940 158.85778492731686 242
1757462825997 128.11532994872113 243
1757462826060 154.56147825431066 244
1757462826112 161.54877378449558 245
1757462826173 144.3089637569754 246
1757462826228 121.10966254595989 247
1757462826288 148.23862324231266 248
1757462826338 157.50199446344075 249
1757462826393 135.0939913579829 250
1757462826442 151.36623306967732 251
1757462826499 180.01075232430094 252
1757462826579 161.39165637628042 253
1757462826633 155.70626287539935 254
1757462826685 146.8766601323811 255
1757462826747 127.49409713839226 256
1757462826835 157.1473996474036 257
1757462826903 131.93621945244942 258
1757462826952 164.9947085463641 259
1757462827011 174.16244801616656 260
1757462827077 154.9639449596207 261
1757462827130 153.58782322669947 262
1757462827188 162.63580108594743 263
1757462827258 134.5604298043725 264
1757462827338 148.5101836759194 265
1757462827395 145.2521260048986 266
1757462827447 174.59284000965525 267
1757462827511 166.98056093795384 268
1757462827558 125.95302114046687 269
1757462827619 158.37515451587294 270
1757462827690 158.9208452440676 271
1757462827752 169.71248130703572 272
1757462827809 146.91586962426754 273
1757462827870 143.82118108208442 274
1757462827929 155.00270598398617 275
1757462828050 168.6574975624527 276
1757462828113 184.28548642637548 277
1757462828173 148.19171693343856 278
1757462828222 154.5423592944408 279
1757462828297 143.5203217112995 280
1757462828350 132.03485672845125 281
1757462828403 168.2373934808157 282
1757462828459 181.12548778072468 283
1757462828513 132.39433722769385 284
1757462828570 169.22653415405887 285
1757462828630 126.79956109103654 286
1757462828696 148.41777131619378 287
1757462828751 144.0996102004412 288
1757462828804 157.34870394554196 289
1757462828859 136.33817218558724 290
1757462828912 230.87854753804802 291
1757462828965 145.65398520564784 292
1757462829047 178.3090923499042 293
1757462829114 135.87451599984118 294
1757462829186 156.91672353969264 295
1757462829268 154.83679304399146 296
1757462829341 151.76674561053895 297
1757462829408 129.51023249823834 298
1757462829455 129.3513743252086 299
1757462829496 138.76151370876352 300
1757462829538 151.23205323020113 301
1757462829582 151.89446571800562 302
1757462829639 163.74931496545378 303
1757462829694 149.4365069587151 304
1757462829745 169.70418820088068 305
1757462829820 144.97697669035676 306
1757462829896 193.94224322771078 307
1757462829958 150.5026136955183 308
1757462830012 106.33121756802169 309
1757462830072 140.53933752569753 310
1757462830115 168.5443555983148 311
1757462830167 118.21277473885499 312
1757462830224 154.44543666549842 313
1757462830292 148.92717675282 314
1757462830345 143.00274574462128 315
1757462830392 155.38564877175625 316
1757462830447 137.19609157885904 317
1757462830509 123.64598469629708 318
1757462830571 136.58117245007185 319
1757462830630 159.33204781756697 320
1757462830711 148.38334401996005 321
1757462830774 164.1819028614103 322
1757462830834 151.22019608849305 323
1757462830883 141.54521104972082 324
1757462830942 144.31269092923048 325
1757462831002 152.32029997642104 326
1757462831065 173.7602770846477 327
1757462831141 150.73301154876577 328
1757462831184 136.96766836739982 329
1757462831244 150.82363441130192 330
1757462831296 159.32536431236284 331
1757462831358 119.40939673905869 332
1757462831418 162.40914521175716 333
1757462831479 148.29613847876809 334
1757462831548 168.38580548593902 335
1757462831616 159.80012997367905 336
1757462831669 136.9582966311026 337
1757462831729 182.53334309573592 338
1757462831804 144.5121757548332 339
1757462831851 151.72700509400167 340
1757462831913 166.11370070054855 341
1757462831973 134.0951768018756 342
1757462832028 126.16967030481364 343
1757462832083 152.53610044760174 344
1757462832134 144.61195653223282 345
1757462832202 193.6566117778434 346
1757462832276 135.96477495576892 347
1757462832340 132.7707894766538 348
1757462832391 152.66404013355938 349
1757462832448 132.57384919660598 350
1757462832503 146.95187255658286 351
1757462832559 142.62067718597206 352
1757462832624 155.87343855477684 353
1757462832685 156.67739002027852 354
1757462832743 116.58241260231611 355
1757462832790 137.24753043636537 356
1757462832833 132.46988569474578 357
1757462832896 146.2484437413441 358
1757462832949 140.46269077427374 359
1757462833005 152.08119772734455 360
1757462833053 146.20575760824997 361
1757462833116 149.04204771205065 362
1757462833175 154.69414667610747 363
1757462833237 137.2026884375657 364
1757462833294 142.97630051465435 365
1757462833361 166.07818979470736 366
1757462833425 134.44777480561314 367
1757462833480 120.9124652229911 368
1757462833536 129.8996127973097 369
1757462833599 157.4819426798709 370
1757462833657 154.97558017254136 371
1757462833710 162.84042103755505 372
1757462833768 119.36957031315256 373
1757462833819 116.41906506147032 374
1757462833881 127.54759856872948 375
1757462833939 145.0336301153366 376
1757462833996 161.12847532165014 377
1757462834052 163.88204628416113 378
1757462834114 122.16597459096324 379
1757462834175 146.13583970637026 380
1757462834234 146.230115646078 381
1757462834285 165.1779409937672 382
1757462834403 143.07432645727872 383
1757462834476 175.11060840194853 384
1757462834546 145.91317494735327 385
1757462834612 130.9011650515799 386
1757462834686 132.44030155041494 387
1757462834744 219.42244499761935 388
1757462834801 147.9002208744371 389
1757462834859 149.32060208500914 390
1757462834924 149.44810838397467 391
1757462834981 171.18868252768848 392
1757462835043 157.89733475097964 393
1757462835108 168.18946485039154 394
1757462835175 142.8057907127201 395
1757462835238 185.48082350841088 396
1757462835300 398.21569341224694 397
1757462835377 138.57801165293213 398
1757462835436 147.74470055823883 399
1757462835503 147.8531632364537 400
1757462835582 149.42398167689117 401
1757462835639 145.00402215941912 402
1757462835701 167.2678395560002 403
1757462835755 128.19796600310437 404
1757462835806 152.55575571576418 405
1757462835864 142.83008309525104 406
1757462835922 150.8883619082484 407
1757462835988 127.2419346976632 408
1757462836043 169.89245615653246 409
1757462836110 127.48625986632524 410
1757462836175 161.04905351077068 411
1757462836271 147.62896631613535 412
1757462836343 131.2568618409911 413
1757462836412 170.9856387477783 414
1757462836486 145.04311523835827 415
1757462836537 136.22190532386287 416
1757462836604 157.6344530764068 417
1757462836673 154.88682195787882 418
1757462836732 148.15551083864383 419
1757462836798 113.14682057083952 420
1757462836861 136.09946601181866 421
1757462836919 144.5388234487871 422
1757462836987 201.2397320124466 423
1757462837041 155.5216187334417 424
1757462837103 150.304055335214 425
1757462837154 148.8920286055076 426
1757462837220 169.76378034207187 427
1757462837273 132.78131273595866 428
1757462837332 146.96816969921292 429
1757462837378 144.8555991971917 430
1757462837423 133.97936776678873 431
1757462837477 130.43229295205262 432
1757462837538 138.89345058944016 433
1757462837594 134.50541933063727 434
1757462837660 178.5769333716514 435
1757462837715 132.98946306415192 436
1757462837775 142.703470020362 437
1757462837849 152.67951324249685 438
1757462837933 168.65960420137685 439
1757462837999 146.38573810137632 440
1757462838079 135.34723029342882 441
1757462838137 147.2030719294992 442
1757462838195 159.57529317363353 443
1757462838266 152.6899548453493 444
1757462838327 119.14015596876932 445
1757462838396 150.49700757038326 446
1757462838465 118.17623842139253 447
1757462838525 170.68551774486926 448
1757462838593 147.59663111606991 449
1757462838639 143.309538546562 450
1757462838684 132.57565771443316 451
1757462838732 137.71829279724733 452
1757462838794 157.0617455573828 453
1757462838839 131.64416283101565 454
1757462838895 118.88691585298969 455
1757462838956 126.78196134942075 456
1757462839011 159.70714528016944 457
1757462839062 158.615296570866 458
1757462839112 153.13247930893047 459
1757462839168 148.91447099527468 460
1757462839220 146.08280449333282 461
1757462839283 150.49796842113176 462
1757462839348 157.04239841458553 463
1757462839398 146.0024132871109 464
1757462839465 135.733855344573 465
1757462839511 158.3371112561066 466
1757462839567 178.9694751312773 467
1757462839625 150.22204543355457 468
1757462839691 155.10572634187193 469
1757462839755 156.3033453424404 470
1757462839816 124.38513410455332 471
1757462839890 181.4991600615147 472
1757462839955 123.59011657357017 473
1757462840011 142.60376253492493 474
1757462840060 159.72443181378935 475
1757462840109 214.66410088512004 476
1757462840189 147.78635377455038 477
1757462840256 146.63840294239236 478
1757462840336 157.99703491524713 479
1757462840400 144.36736968722212 480
1757462840479 146.7814594246091 481
1757462840559 397.9875989320482 482
1757462840624 147.77772770346306 483
1757462840724 152.5003339285065 484
1757462840774 148.13103299434678 485
1757462840824 164.2727799105974 486
1757462840885 151.32246002735957 487
1757462840970 135.13296714880346 488
1757462841039 105.71010401569335 489
1757462841091 148.14568873414643 490
1757462841148 157.06090368427107 491
1757462841205 150.87248896272894 492
1757462841271 122.52608166006407 493
1757462841332 146.67943927731827 494
1757462841397 144.47850043052077 495
1757462841459 165.93174614198563 496
1757462841519 128.07780061626102 497
1757462841589 153.13857149391754 498
1757462841651 135.345150319271 499
