1757462897420 176.04602485678362 0
1757462897430 169.19791223343964 1
1757462897444 171.38891078349775 2
1757462897456 163.4785165765419 3
1757462897467 179.38710105494158 4
1757462897479 167.98328117293107 5
1757462897487 165.06033876870865 6
1757462897506 170.10841102572687 7
1757462897525 166.74997217507809 8
1757462897545 168.77980371781467 9
1757462897559 169.403219330706 10
1757462897573 184.27488955731445 11
1757462897581 159.89260021671316 12
1757462897595 168.77229865694767 13
1757462897607 171.31055962908502 14
1757462897639 170.6211690454371 15
1757462897656 166.85726710754264 16
1757462897668 174.0503399989468 17
1757462897719 161.5128411356377 18
1757462897734 163.78130265867367 19
1757462897848 163.0605590365214 20
1757462897883 162.89564488817757 21
1757462897891 166.159297586464 22
1757462897899 165.73506372800375 23
1757462897908 164.75967352700656 24
1757462897916 161.18667288271837 25
1757462897926 165.98227079947875 26
1757462897934 165.61194784026057 27
1757462897943 161.7565589217518 28
1757462897980 166.348718913215 29
1757462897996 163.5082089692501 30
1757462898007 164.6106472121278 31
1757462898016 168.05278375256188 32
1757462898024 162.929703698715 33
1757462898033 164.8003998749453 34
1757462898041 167.1130402828408 35
1757462898052 160.1525207516059 36
1757462898063 167.35791583886498 37
1757462898076 169.48992091232913 38
1757462898095 165.6199439634653 39
1757462898108 163.5405815900201 40
1757462898119 158.6748407784478 41
1757462898135 164.81643228811615 42
1757462898154 162.9158878738924 43
1757462898173 164.39422527282946 44
1757462898185 166.02021026725635 45
1757462898197 177.19066756189284 46
1757462898217 163.89718484315532 47
1757462898226 158.15179922954025 48
1757462898236 160.3562134721225 49
1757462898251 161.97172578820062 50
1757462898265 161.80894421724776 51
1757462898285 162.96275561491512 52
1757462898300 158.8932186496144 53
1757462898317 160.8182756368243 54
1757462898325 158.55957066252927 55
1757462898349 162.1254364500312 56
1757462898360 164.32075377928626 57
1757462898370 165.66246004026638 58
1757462898379 155.97963557507416 59
1757462898396 158.68605078562723 60
1757462898408 157.31916369145165 61
1757462898417 158.73075137229603 62
1757462898426 165.74484720939836 63
1757462898436 159.20003188514448 64
1757462898450 163.52473906227073 65
1757462898464 158.38188089697724 66
1757462898475 159.82299429146082 67
1757462898488 157.65557057198714 68
1757462898505 160.39492140088794 69
1757462898514 158.84130198290376 70
1757462898535 164.08515254630169 71
1757462898547 162.0662750048341 72
1757462898564 164.5755632698218 73
1757462898576 155.9098416284819 74
1757462898591 160.75003951518926 75
1757462898603 153.61957813920097 76
1757462898619 153.27093089354315 77
1757462898633 158.76031763604493 78
1757462898650 166.44510981885816 79
1757462898671 155.56687894118932 80
1757462898683 156.78118942645068 81
1757462898703 162.01869971768707 82
1757462898714 163.53006772012637 83
1757462898726 159.3561295233275 84
1757462898735 159.3965425491278 85
1757462898744 161.11583352093712 86
1757462898763 158.59799061655679 87
1757462898777 157.21413895777903 88
1757462898787 162.59975040707212 89
1757462898805 157.582599209705 90
1757462898816 162.04607244999028 91
1757462898832 157.26674567186615 92
1757462898842 156.27502561724322 93
1757462898920 153.76504350637748 94
1757462898937 170.47161474561807 95
1757462898955 160.40280276287925 96
1757462898968 158.74300138600174 97
1757462898978 154.3511050321531 98
1757462898993 156.39436948766274 99
1757462899007 164.19599770350487 100
1757462899020 179.76361569508768 101
1757462899033 159.27154002737785 102
1757462899050 152.15877515494662 103
1757462899068 153.333841559872 104
1757462899084 160.45697349869164 105
1757462899097 151.45475753185798 106
1757462899107 156.42420720876916 107
1757462899120 156.45225490969736 108
1757462899131 152.86130615664845 109
1757462899149 155.1383218798154 110
1757462899165 156.22313666354918 111
1757462899181 155.36477562617267 112
1757462899197 159.47136519304195 113
1757462899212 154.85454829820992 114
1757462899240 155.81825987799803 115
1757462899254 156.477851093827 116
1757462899269 151.870605389175 117
1757462899283 154.41606211785293 118
1757462899298 159.63172730251108 119
1757462899311 154.30224140128223 120
1757462899321 154.20491180002276 121
1757462899332 154.6947726919418 122
1757462899342 152.85556363340982 123
1757462899358 151.06237783012074 124
1757462899371 154.04481734971495 125
1757462899389 157.36798334624658 126
1757462899403 153.4733511211882 127
1757462899415 158.37197585953163 128
1757462899431 161.3645055009823 129
1757462899441 149.00342601893198 130
1757462899463 153.9063095511543 131
1757462899482 155.46901564261935 132
1757462899498 156.1829451623194 133
1757462899547 151.0193671648585 134
1757462899577 153.9290869147444 135
1757462899605 159.12755073139436 136
1757462899621 149.21307364815544 137
1757462899639 150.25501195968798 138
1757462899659 158.56936023732 139
1757462899673 151.1134056197844 140
1757462899683 154.4302052520994 141
1757462899694 153.39800289244536 142
1757462899705 151.83611133204172 143
1757462899719 149.97814343629454 144
1757462899729 157.22543748186763 145
1757462899739 192.27851749190677 146
1757462899756 152.41619341414696 147
1757462899774 151.60553109404168 148
1757462899785 150.7732923870457 149
1757462899800 151.76091177479543 150
1757462899816 146.24796448171662 151
1757462899827 152.9386800307093 152
1757462899852 147.93836958048232 153
1757462899866 156.89050366140526 154
1757462899877 156.37953432070267 155
1757462899894 157.64812370920197 156
1757462899910 151.53309700126118 157
1757462899923 147.2736680233566 158
1757462899942 148.73401287562788 159
1757462899957 163.9798669969424 160
1757462899971 146.35652969247172 161
1757462899984 162.75683583548582 162
1757462900002 147.63968570215738 163
1757462900017 149.90293209986868 164
1757462900035 148.77563608988197 165
1757462900046 150.53367040400764 166
1757462900059 146.915654349843 167
1757462900086 148.71299413391841 168
1757462900099 153.60169296471742 169
1757462900118 149.73411662845683 170
1757462900133 151.49076925864654 171
1757462900144 147.2703013548423 172
1757462900183 148.22458292308517 173
1757462900198 157.70923863827937 174
1757462900212 151.57375061048185 175
1757462900233 149.7521065114807 176
1757462900248 148.950935725345 177
1757462900267 149.60964878948437 178
1757462900283 150.51536287370809 179
1757462900305 149.43583006042945 180
1757462900320 151.28164137442204 181
1757462900333 150.54739005068453 182
1757462900351 150.0450217893292 183
1757462900363 149.0721422763765 184
1757462900374 146.30558386416828 185
1757462900390 152.51266948676331 186
1757462900412 149.8373190581438 187
1757462900425 151.396478633993 188
1757462900443 153.97880974404654 189
1757462900454 145.73389439968753 190
1757462900473 155.07468096362453 191
1757462900486 150.45549351032196 192
1757462900500 148.16192919821907 193
1757462900514 151.94940087767924 194
1757462900527 145.8458004454754 195
1757462900543 147.76198562526102 196
1757462900562 152.00935081467594 197
1757462900583 148.23245083456527 198
1757462900594 155.9577689121378 199
1757462900612 150.85835465075618 200
1757462900626 148.6920550981946 201
1757462900640 147.69796010751463 202
1757462900658 145.65283712869223 203
1757462900670 146.90582845264674 204
1757462900700 150.58860211200985 205
1757462900723 144.38222175458685 206
1757462900743 151.91060187211698 207
1757462900761 144.23062426106654 208
1757462900781 170.26435197446256 209
1757462900792 148.1905025618439 210
1757462900815 142.27252543840672 211
1757462900832 148.26988982000842 212
1757462900851 147.28134604019561 213
1757462900870 146.17365048059492 214
1757462900895 148.4804892241448 215
1757462900907 145.41978463790502 216
1757462900918 147.7306645617378 217
1757462900935 142.04971304275654 218
1757462900949 144.5838019769282 219
1757462900969 142.0486712141324 220
1757462900992 146.77808354396296 221
1757462901016 146.61445784601125 222
1757462901039 146.09817004271855 223
1757462901058 145.46147557537452 224
1757462901073 177.50024501001624 225
1757462901096 149.21244113938502 226
1757462901114 152.0328950521834 227
1757462901128 145.38177362716925 228
1757462901143 150.43334127827166 229
1757462901162 144.83695756140958 230
1757462901181 145.45219110787025 231
1757462901198 147.61253889979656 232
1757462901216 144.2615657685127 233
1757462901233 140.11246051460859 234
1757462901252 146.57380813654936 235
1757462901265 143.8762558671026 236
1757462901281 144.35677357073416 237
1757462901313 149.28027819794391 238
1757462901338 149.76385723722365 239
1757462901370 142.37687221381202 240
1757462901402 142.80009071853766 241
1757462901417 141.36248526024133 242
1757462901435 145.05448835819192 243
1757462901453 141.93713771557896 244
1757462901472 141.02590904618273 245
1757462901487 143.50620556702717 246
1757462901510 140.52896410531082 247
1757462901535 146.2847062137423 248
1757462901563 144.7010704153754 249
1757462901585 146.34950313038237 250
1757462901598 148.14379321784315 251
1757462901619 145.02642370192854 252
1757462901650 143.45165344222139 253
1757462901675 144.23290401812727 254
1757462901690 140.8065899985848 255
1757462901725 141.02303288713836 256
1757462901749 143.33019421687817 257
1757462901802 145.1848124013512 258
1757462901953 138.71154151542237 259
1757462902025 142.94751208090233 260
1757462902052 141.11423222301866 261
1757462902089 140.51314391965963 262
1757462902138 144.84933957356424 263
1757462902175 140.54250432268765 264
1757462902203 149.81256401430352 265
1757462902256 137.51994445962458 266
1757462902302 144.6079144504235 267
1757462902362 146.16504702509314 268
1757462902388 142.74013562979258 269
1757462902420 140.1512728605146 270
1757462902485 145.12245817554245 271
1757462902509 142.95671198909884 272
1757462902531 139.99506458917944 273
1757462902551 144.7204812427808 274
1757462902580 148.7663384703253 275
1757462902600 145.73926057751822 276
1757462902621 142.10261457781706 277
1757462902645 142.99213757490696 278
1757462902666 136.9291914240695 279
1757462902682 141.6825715905401 280
1757462902700 141.05479230084305 281
1757462902722 140.69791992824142 282
1757462902736 142.31658382112278 283
1757462902757 138.9292385553635 284
1757462902773 142.83250629119212 285
1757462902811 145.80475589993864 286
1757462902827 142.31522417663803 287
1757462902846 133.6056631197792 288
1757462902864 141.33128989927792 289
1757462902877 140.95416297896287 290
1757462902896 140.0808362131431 291
1757462902909 148.7259411505496 292
1757462902929 139.57176639430395 293
1757462902956 145.29167690072651 294
1757462902977 136.36680433305798 295
1757462902995 139.26510461184327 296
1757462903015 140.8001378361131 297
1757462903035 140.25824182079174 298
1757462903059 139.76591634716144 299
1757462903090 141.95178160113383 300
1757462903111 144.46777677903592 301
1757462903128 144.78374940222096 302
1757462903158 140.12969731678487 303
1757462903182 141.99581841609762 304
1757462903200 138.07048126753097 305
1757462903220 135.08707455728677 306
1757462903246 140.1059618241307 307
1757462903283 139.39779953756988 308
1757462903313 138.52847255559004 309
1757462903333 147.99581644160278 310
1757462903349 143.02866282303432 311
1757462903367 139.33222243110168 312
1757462903382 141.93440490851498 313
1757462903402 139.58617047652479 314
1757462903425 140.74765398738714 315
1757462903440 144.05992020892054 316
1757462903474 135.95133946752043 317
1757462903491 142.08710452394033 318
1757462903508 138.89627396837903 319
1757462903534 134.37427291268105 320
1757462903555 142.82040825161522 321
1757462903569 141.82768271351574 322
1757462903594 137.71204545630397 323
1757462903616 144.0966215511217 324
1757462903634 135.3165047698301 325
1757462903652 139.93795526693344 326
1757462903668 138.25872153988027 327
1757462903690 140.95943611308024 328
1757462903721 139.02755985424454 329
1757462903777 138.3795678620956 330
1757462903800 137.65348310613587 331
1757462903823 136.0259445135245 332
1757462903850 136.66817252858692 333
1757462903870 137.7179267732699 334
1757462903889 141.34656336511807 335
1757462903906 136.54247015562754 336
1757462903927 136.36717392667947 337
1757462903952 136.98336769594303 338
1757462903965 136.25780691626238 339
1757462903980 136.77225415094648 340
1757462904016 138.13234352742316 341
1757462904038 136.96394246690636 342
1757462904055 143.39443639194732 343
1757462904069 132.504744077831 344
1757462904090 133.05054998238796 345
1757462904110 135.35117359995314 346
1757462904129 135.9034366373202 347
1757462904149 140.17406337858512 348
1757462904173 140.7705154734089 349
1757462904191 145.73952710867667 350
1757462904209 135.06416284402127 351
1757462904234 136.82269069743649 352
1757462904262 140.57121406380054 353
1757462904278 154.88949515617975 354
1757462904296 136.10795377073327 355
1757462904314 138.93971058451524 356
1757462904344 139.0872439398163 357
1757462904362 147.5710056898859 358
1757462904391 137.9613623601069 359
1757462904415 138.56474170503162 360
1757462904431 135.90603163645395 361
1757462904450 136.4887567994724 362
1757462904465 136.9831958470076 363
1757462904491 133.37234915938288 364
1757462904506 137.6504142252859 365
1757462904525 131.77819192741333 366
1757462904540 133.4109966313373 367
1757462904564 140.20200742230958 368
1757462904587 135.65330574637423 369
1757462904606 134.53343075274174 370
1757462904630 135.10446461281543 371
1757462904651 138.05346263019925 372
1757462904671 135.2668272991521 373
1757462904693 132.07642377780206 374
1757462904711 135.91225515128377 375
1757462904737 134.87863362067372 376
1757462904757 137.48643672756958 377
1757462904774 137.41535064307752 378
1757462904804 132.09265299501726 379
1757462904825 134.18343731910872 380
1757462904847 132.95954875336398 381
1757462904870 140.58526053827103 382
1757462904885 135.16849954365873 383
1757462904906 131.98362632748058 384
1757462904924 141.54288409260803 385
1757462904941 167.88946471376136 386
1757462904968 134.8400032418683 387
1757462904994 136.92988717119198 388
1757462905011 140.05339150913838 389
1757462905045 137.48419814474804 390
1757462905064 133.96829701587004 391
1757462905079 138.96369593277217 392
1757462905119 131.8256112944302 393
1757462905180 133.4467818739762 394
1757462905207 131.68996453534277 395
1757462905230 136.91425605473108 396
1757462905246 134.69555181542233 397
1757462905260 136.42265514027886 398
1757462905277 133.93696752785462 399
1757462905293 134.9193362166194 400
1757462905308 136.17743196859203 401
1757462905323 132.14308971350783 402
1757462905342 133.29317284577627 403
1757462905371 138.45281619927513 404
1757462905391 135.27065191036573 405
1757462905418 134.18295694416074 406
1757462905440 135.06298149980944 407
1757462905463 135.96066404602874 408
1757462905509 146.65547039310695 409
1757462905535 138.83978737083575 410
1757462905563 129.69599509673034 411
1757462905589 136.45798119324388 412
1757462905616 136.04057599946339 413
1757462905633 132.58350486605823 414
1757462905658 135.58576510661652 415
1757462905677 134.3830161006304 416
1757462905707 133.01467261164896 417
1757462905727 132.02363549183872 418
1757462905749 139.87423173391468 419
1757462905777 135.792466525007 420
1757462905870 140.3444449672557 421
1757462905886 128.6051907346419 422
1757462905903 131.55130474536304 423
1757462905935 138.52126479890165 424
1757462905964 133.00926094240972 425
1757462905989 130.76304190679207 426
1757462906007 135.8655470112427 427
1757462906034 133.87415174077987 428
1757462906055 132.44058978337702 429
1757462906082 133.26296351316546 430
1757462906111 131.5371776502077 431
1757462906139 128.87286784645644 432
1757462906164 129.62245992479592 433
1757462906190 129.38046225198497 434
1757462906213 135.46252846995097 435
1757462906235 129.82283553793292 436
1757462906259 131.81817252677826 437
1757462906281 132.2293079853353 438
1757462906307 132.56036791984394 439
1757462906327 128.21174969625093 440
1757462906355 134.18177274020445 441
1757462906371 131.21938731743128 442
1757462906396 135.01078769243378 443
1757462906420 127.60073547604867 444
1757462906441 130.57210649468516 445
1757462906464 132.23611607861886 446
1757462906489 129.7255004368746 447
1757462906517 128.60143905471193 448
1757462906543 135.36661733002194 449
1757462906565 129.44895065681692 450
1757462906583 132.3843898851387 451
1757462906611 134.77948212556998 452
1757462906636 131.4507578061561 453
1757462906657 143.23521328168795 454
1757462906684 133.98549044926685 455
1757462906720 131.46811684969816 456
1757462906768 131.0828238949534 457
1757462906805 126.68662642835982 458
1757462906903 130.52975186311812 459
1757462906924 132.38716866884715 460
1757462906940 129.7326171135898 461
1757462906964 132.5037080249928 462
1757462906989 124.80374342756484 463
1757462907011 130.35719257965178 464
1757462907029 132.74573080188446 465
1757462907052 130.73838625416877 466
1757462907093 137.8167186739483 467
1757462907108 133.14163601405423 468
1757462907140 136.5904211090383 469
1757462907159 134.9554463237261 470
1757462907188 130.97521634258104 471
1757462907210 123.63679802581021 472
1757462907231 129.2652160042216 473
1757462907254 129.8160898024079 474
1757462907284 136.7947661715852 475
1757462907305 128.7717332748713 476
1757462907332 131.76720637511661 477
1757462907350 134.92643897994225 478
1757462907373 132.6329732384308 479
1757462907398 123.87371923312469 480
1757462907419 131.25143232014355 481
1757462907449 129.8457043475657 482
1757462907476 134.71276070929954 483
1757462907510 134.57845936578553 484
1757462907540 134.32906440349453 485
1757462907567 128.2672048632682 486
1757462907592 137.0428500491976 487
1757462907623 128.1089444956017 488
1757462907655 130.38170295158926 489
1757462907678 152.40870184880714 490
1757462907700 132.85490997496606 491
1757462907719 131.00899139989752 492
1757462907748 127.22771698941084 493
1757462907777 125.14151046756136 494
1757462907813 129.7381829666436 495
1757462907840 131.32088281552876 496
1757462907862 132.54000207427796 497
1757462907879 132.15688001329318 498
1757462907902 124.04776071837777 499
