1757462722351 1303640288.0676804 0
1757462722397 9.18060613051016e+24 1
1757462722453 1.0988360161298649e+30 2
1757462722507 2.6689247275777544e+43 3
1757462722565 1.0513112008057668e+52 4
1757462722629 4.118026900370847e+62 5
1757462722698 4.028136500368265e+72 6
1757462722763 2.8310150151940264e+84 7
1757462722809 6.351277995083482e+91 8
1757462722854 4.007742593852602e+103 9
1757462722906 6.825271051270797e+113 10
1757462722967 1.833348485841554e+125 11
1757462723022 2.386373003859349e+133 12
1757462723072 8.385471983588202e+145 13
1757462723142 9.198379627834852e+154 14
1757462723201 1.2946114820099671e+168 15
1757462723246 1.937919208664815e+176 16
1757462723293 2.870583865351396e+185 17
1757462723330 1.2212341939788103e+197 18
1757462723379 2.684899924889721e+207 19
1757462723433 7.803902198703416e+218 20
1757462723485 1.4613722478821152e+228 21
1757462723561 5.923690158104022e+241 22
1757462723670 9.743664447739954e+251 23
1757462723715 3.810747384138355e+259 24
1757462723768 4.1424266916468384e+272 25
1757462723826 3.3373372923533215e+281 26
1757462723878 2.9910134845609387e+294 27
1757462723930 4.2922986152260107e+304 28
1757462723979 inf 29
