1757463033126 5812911911.784056 0
1757463033194 1.713144415031745e+19 1
1757463033301 6.620736954232917e+29 2
1757463033432 5.1905367055900393e+39 3
1757463033502 2.7478105139861937e+49 4
1757463033588 5.335244196726548e+59 5
1757463033674 1.986260681576248e+70 6
1757463033741 4.702674772679329e+79 7
1757463033816 2.273715259486682e+90 8
1757463033878 2.6951010056963732e+101 9
1757463033936 4.850687143871474e+111 10
1757463033996 3.11849873489625e+119 11
1757463034089 4.895210777422429e+130 12
1757463034155 1.6181240901137438e+140 13
1757463034229 7.758590493629277e+150 14
1757463034310 7.29946249346621e+160 15
1757463034405 1.1336814067779812e+172 16
1757463034503 2.0155075268121483e+182 17
1757463034581 2.042202587679433e+192 18
1757463034653 5.067347324999279e+202 19
1757463034737 4.5023217624349394e+213 20
1757463034846 1.1306663651753493e+223 21
1757463034929 1.338297344625318e+236 22
1757463035089 9.149621204731671e+244 23
1757463035187 5.536453705899495e+246 24
1757463035293 1.0037157582807904e+266 25
1757463035358 1.1300907682515858e+275 26
1757463035445 1.1597265395163102e+285 27
1757463035515 3.5529056312202886e+295 28
1757463035582 3.996591651450333e+306 29
1757463035664 inf 30
