1757462861193 164.79137879870845 0
1757462861200 168.50757156398 1
1757462861211 171.2644269714477 2
1757462861223 166.43662451699183 3
1757462861230 168.84407097498686 4
1757462861239 171.58975590329297 5
1757462861250 167.85813673169116 6
1757462861258 167.5516655108752 7
1757462861270 168.3491301475129 8
1757462861277 168.74590725020894 9
1757462861291 171.37728984259266 10
1757462861298 164.65920713341984 11
1757462861309 170.54480033603454 12
1757462861323 167.92994704433565 13
1757462861332 167.68342395799178 14
1757462861345 165.3188916149916 15
1757462861361 171.7874070562603 16
1757462861377 164.5869355781373 17
1757462861389 164.33422787529517 18
1757462861407 166.0476295154609 19
1757462861426 173.24259799452568 20
1757462861450 168.3036281015241 21
1757462861461 170.9579269972581 22
1757462861473 169.07366084422236 23
1757462861488 166.93406450902646 24
1757462861510 174.38788722970457 25
1757462861519 164.6328553786439 26
1757462861527 170.95246740952578 27
1757462861540 171.43484593745208 28
1757462861561 164.3262307613276 29
1757462861570 179.7360707320422 30
1757462861581 167.80801361578838 31
1757462861594 166.45396252686652 32
1757462861603 168.33676305881818 33
1757462861620 173.0677602076432 34
1757462861628 165.53125079770712 35
1757462861642 165.7402442326409 36
1757462861653 165.69252461156142 37
1757462861665 167.26225240748465 38
1757462861676 167.73490087540938 39
1757462861685 166.637668444555 40
1757462861697 170.23720362691833 41
1757462861707 168.96275677227857 42
1757462861722 172.19152709424816 43
1757462861731 165.63889837074174 44
1757462861741 169.30325965523986 45
1757462861766 163.8191449718777 46
1757462861776 168.17079516781246 47
1757462861789 169.39213727709708 48
1757462861802 175.41078778466513 49
1757462861814 163.5610704752722 50
1757462861824 172.69586069494792 51
1757462861835 167.59672207257526 52
1757462861850 167.68964721030056 53
1757462861858 168.60836951386062 54
1757462861866 163.45678681656815 55
1757462861874 165.88502779028408 56
1757462861888 168.77273909536862 57
1757462861902 171.2633147738185 58
1757462861913 162.95772872971963 59
1757462861921 170.78370629554865 60
1757462861940 169.68035131660147 61
1757462861967 169.33427734513717 62
1757462861979 167.05982703683625 63
1757462861995 162.99776572386395 64
1757462862012 167.4428201816223 65
1757462862026 163.82855466106233 66
1757462862043 166.6456502607405 67
1757462862060 163.34376806992944 68
1757462862075 166.02988000765305 69
1757462862085 170.16448055979473 70
1757462862099 169.2200888157755 71
1757462862118 164.6503715856063 72
1757462862134 165.33707827941552 73
1757462862145 168.97088286912606 74
1757462862162 173.08670073190083 75
1757462862175 169.72124852971154 76
1757462862183 178.21235876774523 77
1757462862192 169.33498722550507 78
1757462862201 171.38850154678647 79
1757462862213 170.71054361553126 80
1757462862224 160.48214576335025 81
1757462862238 172.64330618570045 82
1757462862261 170.06145403749233 83
1757462862269 165.69827089417902 84
1757462862278 172.73610326759606 85
1757462862287 169.81791643691997 86
1757462862297 168.44877786075352 87
1757462862310 171.195815583577 88
1757462862324 167.97873751547309 89
1757462862339 177.45291385035515 90
1757462862360 170.6073241911563 91
1757462862370 162.63109265243776 92
1757462862396 166.89805415763766 93
1757462862407 169.66654538740912 94
1757462862433 169.9271405646884 95
1757462862442 171.33195937422767 96
1757462862452 172.51545948684947 97
1757462862461 173.73753453983315 98
1757462862472 166.69596072853503 99
1757462862492 168.20929547349323 100
1757462862504 162.62732348163615 101
1757462862516 164.6426654577833 102
1757462862531 166.92880173815905 103
1757462862551 171.72410350865874 104
1757462862571 168.4664589643454 105
1757462862580 171.14278668129433 106
1757462862594 168.90700860886054 107
1757462862608 171.63777490892724 108
1757462862626 169.76404068757125 109
1757462862638 165.3420814019601 110
1757462862649 167.15668708777986 111
1757462862718 161.75803976561005 112
1757462862729 167.5401050768178 113
1757462862745 166.1459941615925 114
1757462862755 169.64125138587025 115
1757462862770 167.36049695342822 116
1757462862791 164.797761615118 117
1757462862804 172.75859216287162 118
1757462862813 166.87938704023864 119
1757462862823 171.2957129652861 120
1757462862839 163.13664483435906 121
1757462862854 165.91000170984952 122
1757462862869 166.77187699675218 123
1757462862878 168.32032237067293 124
1757462862894 167.3236568771462 125
1757462862911 170.2873108308167 126
1757462862930 164.27706664555168 127
1757462862941 170.4248959124039 128
1757462862961 171.23532385591832 129
1757462862972 171.339121844096 130
1757462862990 170.5525264922055 131
1757462863006 167.27918220218373 132
1757462863023 160.0730151333619 133
1757462863033 166.53019660838038 134
1757462863044 170.50284201771854 135
1757462863060 165.42889198888977 136
1757462863076 161.3408186732974 137
1757462863088 166.27634516121933 138
1757462863104 161.55802635559135 139
1757462863117 165.64463062786166 140
1757462863129 164.9866649225356 141
1757462863158 165.3992926320201 142
1757462863176 171.0177352624843 143
1757462863194 163.16526035990145 144
1757462863214 165.4973345753074 145
1757462863225 165.67446744156902 146
1757462863246 171.7199321895039 147
1757462863260 162.97310884300057 148
1757462863273 167.25640927018608 149
1757462863284 162.6407236060482 150
1757462863303 172.89052569822815 151
1757462863321 169.95619714911328 152
1757462863340 170.76291474593037 153
1757462863360 162.27280804020742 154
1757462863374 170.97835448331085 155
1757462863395 162.56980844685694 156
1757462863412 165.35925674465113 157
1757462863431 168.56791331571887 158
1757462863441 168.56211888596883 159
1757462863453 159.71671006381206 160
1757462863466 169.78940259461555 161
1757462863484 171.27810022764976 162
1757462863499 172.35284835908408 163
1757462863518 164.58540246618995 164
1757462863536 164.58362391023516 165
1757462863557 172.6882574433371 166
1757462863570 164.69418954927076 167
1757462863581 171.81589258143683 168
1757462863595 166.97844836944077 169
1757462863619 171.43248029323678 170
1757462863631 169.46919170202034 171
1757462863643 169.22723482183895 172
1757462863653 168.18581653225513 173
1757462863664 167.0872634248937 174
1757462863680 166.62624294531918 175
1757462863691 166.3730863627582 176
1757462863707 168.24780150710615 177
1757462863718 167.3203586282696 178
1757462863729 171.1959619765277 179
1757462863740 168.7379382267127 180
1757462863754 166.16917913265348 181
1757462863767 165.54564328253045 182
1757462863777 167.40264839892254 183
1757462863790 162.9517430806674 184
1757462863808 163.26646001721264 185
1757462863820 169.91773773273698 186
1757462863835 165.9892877102451 187
1757462863854 170.1249482048392 188
1757462863868 162.53025978281184 189
1757462863900 167.4200562606089 190
1757462863916 161.91055956614346 191
1757462863927 167.55205969568863 192
1757462863949 171.3546940486806 193
1757462863964 164.12764680447333 194
1757462863982 159.07279353492441 195
1757462863997 165.1173275855776 196
1757462864022 164.13191308424544 197
1757462864045 159.2921536863494 198
1757462864059 172.36572516031305 199
1757462864087 169.93969974177512 200
1757462864113 166.56398181926113 201
1757462864123 164.70437409251463 202
1757462864142 163.81412882384572 203
1757462864157 156.16742438694683 204
1757462864172 164.27697605363315 205
1757462864192 164.55842056245788 206
1757462864205 163.6863373271671 207
1757462864222 167.74325205658195 208
1757462864237 168.27864368197254 209
1757462864261 163.86262893099308 210
1757462864283 163.97095567976254 211
1757462864299 164.23312939924313 212
1757462864324 164.12021807751455 213
1757462864337 163.03597677845866 214
1757462864354 165.89837366038995 215
1757462864368 162.09317313852952 216
1757462864382 168.26391156745686 217
1757462864396 168.9287316866891 218
1757462864410 166.2511018084285 219
1757462864429 163.5834509101638 220
1757462864444 170.46693653929572 221
1757462864472 170.19552136312242 222
1757462864491 166.67800798894518 223
1757462864505 163.20932879247596 224
1757462864525 165.4228455445661 225
1757462864537 172.0612215328586 226
1757462864557 165.8802700173522 227
1757462864571 161.03181737366018 228
1757462864592 171.122058128362 229
1757462864610 168.74734063805758 230
1757462864624 171.12647174219686 231
1757462864648 164.80911129601117 232
1757462864666 163.11114375643078 233
1757462864677 172.33020910396527 234
1757462864693 164.76793283308425 235
1757462864706 168.9441028018475 236
1757462864723 166.93780119749925 237
1757462864749 173.9116147977864 238
1757462864760 171.37241125448972 239
1757462864786 167.18366171923185 240
1757462864804 167.08262693253064 241
1757462864816 167.78764287276093 242
1757462864838 169.5505077945293 243
1757462864871 164.78805437596378 244
1757462864889 168.3146315504444 245
1757462864906 171.67336767971415 246
1757462864929 165.24957290111345 247
1757462864943 168.0893016778599 248
1757462864969 171.30269061163423 249
1757462864985 171.54468883428294 250
1757462865003 163.86077138176773 251
1757462865014 170.5715318732389 252
1757462865028 170.6339326175292 253
1757462865059 165.79991968996254 254
1757462865071 168.48895591643927 255
1757462865083 162.29707129728226 256
1757462865096 170.40463859048887 257
1757462865119 163.56189735088398 258
1757462865133 160.31065907119876 259
1757462865158 176.32626906235961 260
1757462865176 162.58514166398007 261
1757462865211 167.3286120116744 262
1757462865230 157.84719078314475 263
1757462865256 166.87549798941413 264
1757462865281 165.56144378993886 265
1757462865298 172.80167875743328 266
1757462865310 165.36372945365346 267
1757462865322 164.65851651326625 268
1757462865334 169.42200173083177 269
1757462865347 160.542399812476 270
1757462865360 166.40983098600182 271
1757462865375 165.69186143180767 272
1757462865389 165.4064470100368 273
1757462865414 172.9126249252403 274
1757462865432 164.90634004512597 275
1757462865460 171.11034971267472 276
1757462865481 170.59633526603298 277
1757462865495 170.83043159634457 278
1757462865513 168.2675692394668 279
1757462865525 160.70971364986121 280
1757462865538 160.44329172276693 281
1757462865568 166.189204508316 282
1757462865597 166.90943031877387 283
1757462865622 161.8146304179046 284
1757462865647 168.52477722363753 285
1757462865666 165.36024901711582 286
1757462865693 162.0232213506008 287
1757462865718 168.6401320749061 288
1757462865764 165.717033666253 289
1757462865782 162.46892888624532 290
1757462865811 167.71547341190302 291
1757462865851 166.36333460252834 292
1757462865875 166.15409024792646 293
1757462865888 160.58564376233014 294
1757462865901 170.51873928362744 295
1757462865924 160.26781325275567 296
1757462865938 168.26387105611857 297
1757462865966 165.20549801320666 298
1757462865986 173.44292855715358 299
1757462866013 167.53504826989803 300
1757462866034 167.7107570707203 301
1757462866052 169.12320961530804 302
1757462866069 167.07076892791284 303
1757462866093 165.89248514208256 304
1757462866109 167.50767630074603 305
1757462866130 166.923314820321 306
1757462866155 163.49966798032895 307
1757462866176 164.7748349185752 308
1757462866199 166.84160265155134 309
1757462866218 169.98867918788213 310
1757462866240 168.7594830270132 311
1757462866271 168.7092355920353 312
1757462866283 164.34357856963206 313
1757462866302 161.02065742620115 314
1757462866324 169.68395892269706 315
1757462866347 161.98037431623723 316
1757462866374 167.96614835833458 317
1757462866387 159.2229498903479 318
1757462866400 166.88264278294156 319
1757462866423 166.4158253172536 320
1757462866436 164.4501889498605 321
1757462866454 166.61762128599807 322
1757462866474 165.9155339563088 323
1757462866498 170.80475600676047 324
1757462866511 165.25308416587276 325
1757462866536 165.18135686484433 326
1757462866556 165.62234448224115 327
1757462866584 164.2397455885666 328
1757462866615 165.51136299460566 329
1757462866633 169.01581184813278 330
1757462866652 162.25121603211477 331
1757462866672 164.56764418789433 332
1757462866692 169.43268786381884 333
1757462866705 162.89831002849834 334
1757462866727 168.57887928793244 335
1757462866741 165.18437891630717 336
1757462866756 169.65619827213712 337
1757462866778 161.89941408295542 338
1757462866799 167.58454505386055 339
1757462866822 170.9006482087672 340
1757462866846 159.35772289970643 341
1757462866867 164.27477840085018 342
1757462866888 167.78570673894512 343
1757462866914 170.4412721665171 344
1757462866941 165.60215771555787 345
1757462866961 167.1093829317682 346
1757462866991 168.97054978699578 347
1757462867013 170.40114761371632 348
1757462867029 166.1329009706111 349
1757462867050 168.18123376985835 350
1757462867065 168.42049411893524 351
1757462867079 165.3124168745969 352
1757462867097 165.2298870623523 353
1757462867116 167.74714613302538 354
1757462867133 163.7639837905875 355
1757462867155 167.25493201333774 356
1757462867175 168.65707866574456 357
1757462867189 163.55069181928772 358
1757462867213 168.8737250415471 359
1757462867227 168.970520763686 360
1757462867250 163.802610298781 361
1757462867268 160.106707500761 362
1757462867291 168.38404389431432 363
1757462867313 164.76934462368132 364
1757462867333 168.58888255538787 365
1757462867349 163.7398799364567 366
1757462867377 167.4477633827325 367
1757462867390 169.85895224457286 368
1757462867405 171.4428729819386 369
1757462867427 161.50248672093662 370
1757462867465 172.97652540503765 371
1757462867489 167.18243275459108 372
1757462867519 168.3546695959835 373
1757462867539 162.7225190987119 374
1757462867560 168.40299664454986 375
1757462867582 166.9398116041478 376
1757462867603 170.89873760555983 377
1757462867632 165.30941077496038 378
1757462867655 164.0934395601031 379
1757462867679 163.93348534490087 380
1757462867699 172.2631931623342 381
1757462867720 158.55735989719588 382
1757462867745 164.67268980446153 383
1757462867767 167.16173059141403 384
1757462867795 163.48455813862935 385
1757462867813 165.75746418040995 386
1757462867827 166.0663386679021 387
1757462867845 164.37186023252337 388
1757462867859 166.99699831493513 389
1757462867874 169.58165872582035 390
1757462867890 163.77613594576513 391
1757462867913 162.31257062191244 392
1757462867939 166.18257984326735 393
1757462867958 166.80832170977405 394
1757462867977 166.03907024870108 395
1757462868006 164.45587167291566 396
1757462868022 167.94442816611695 397
1757462868044 165.0766236683153 398
1757462868069 164.4049532082243 399
1757462868092 168.7174334218212 400
1757462868116 168.77445834213785 401
1757462868136 170.5856654019695 402
1757462868158 164.71270368480364 403
1757462868185 164.96597015305142 404
1757462868214 166.74325391494463 405
1757462868244 164.04427208137716 406
1757462868275 171.44188425251667 407
1757462868299 165.73666715619814 408
1757462868320 156.29239696276343 409
1757462868351 168.04502391763918 410
1757462868372 162.32451632528839 411
1757462868395 168.25330344757518 412
1757462868426 162.14854823367924 413
1757462868462 169.13274659381193 414
1757462868489 168.70340974105565 415
1757462868510 168.9190171294383 416
1757462868541 172.91500578969558 417
1757462868562 166.1034888943174 418
1757462868581 166.87462544540827 419
1757462868610 168.06010578644117 420
1757462868633 170.2929016760554 421
1757462868660 166.49280426201707 422
1757462868680 166.81147681099708 423
1757462868702 169.25121139268217 424
1757462868726 167.82591152073923 425
1757462868755 167.13248205471575 426
1757462868776 164.6114704986879 427
1757462868805 161.70774263388816 428
1757462868828 164.0295773021953 429
1757462868849 167.42171187617254 430
1757462868884 168.93392788797289 431
1757462868917 159.56016830739765 432
1757462868942 166.8212210113894 433
1757462868962 170.067605607396 434
1757462868980 165.88672868980595 435
1757462869011 165.20681666274527 436
1757462869041 164.21276098266586 437
1757462869066 167.96187983034767 438
1757462869089 163.1646788581111 439
1757462869114 164.9474435552353 440
1757462869137 163.6955213890907 441
1757462869163 161.4468940730363 442
1757462869197 162.85651357768702 443
1757462869212 163.86310884720024 444
1757462869257 158.9530865216458 445
1757462869283 168.19174795117877 446
1757462869313 165.60757784595927 447
1757462869334 163.35842217767853 448
1757462869363 167.62281377491837 449
1757462869387 164.42116073598393 450
1757462869406 163.6367765349368 451
1757462869450 162.91325556928214 452
1757462869473 170.06507381449285 453
1757462869490 168.50944090304168 454
1757462869521 167.5542806901105 455
1757462869537 166.04911371692486 456
1757462869553 170.43285051368093 457
1757462869577 170.88423005444747 458
1757462869606 167.5349869449903 459
1757462869622 163.55903914211154 460
1757462869649 165.01208360660695 461
1757462869671 168.49533651328048 462
1757462869704 162.2457997180024 463
1757462869724 166.5175697031404 464
1757462869772 158.0629817517922 465
1757462869795 165.61560750535952 466
1757462869822 165.0738389139224 467
1757462869850 166.661747516941 468
1757462869870 158.30931109394132 469
1757462869889 169.64551981756233 470
1757462869939 164.47408562888762 471
1757462869956 155.76679925896332 472
1757462869973 163.58907885846443 473
1757462869990 164.3867765802981 474
1757462870007 165.27459037327228 475
1757462870024 163.65437560820826 476
1757462870044 165.26162634818738 477
1757462870063 164.4463362463405 478
1757462870091 171.1105962870492 479
1757462870113 164.27784115824875 480
1757462870137 166.15451253072203 481
1757462870158 163.64892967925124 482
1757462870176 160.01578310682783 483
1757462870193 165.1449829872884 484
1757462870209 163.6117666318761 485
1757462870225 168.97158790179424 486
1757462870261 164.9498863974332 487
1757462870291 171.30685538086496 488
1757462870314 164.93792877018623 489
1757462870349 162.09600943345333 490
1757462870380 170.94652975461392 491
1757462870409 162.73625855846828 492
1757462870438 166.93163265125062 493
1757462870474 164.1699463822245 494
1757462870492 164.05304436734255 495
1757462870537 162.07608563759592 496
1757462870561 163.31378779952794 497
1757462870599 162.1275667316656 498
1757462870625 164.9251851388072 499
