1757462590970 165.01310343313668 0
1757462590977 169.36080682802563 1
1757462590987 173.1104803197132 2
1757462591002 165.99491035902395 3
1757462591015 167.65893492490088 4
1757462591021 170.01939980794307 5
1757462591034 163.41759926303672 6
1757462591044 161.8546635516683 7
1757462591051 168.40839279872569 8
1757462591060 170.89627347607833 9
1757462591071 170.3181400074449 10
1757462591084 164.80234067949436 11
1757462591112 169.97360577402802 12
1757462591144 169.0096276588887 13
1757462591152 168.402260746661 14
1757462591161 169.95039210008116 15
1757462591181 165.54645422604474 16
1757462591191 166.61554264509957 17
1757462591207 168.2586735517877 18
1757462591225 173.2291793965403 19
1757462591232 168.8265479195666 20
1757462591239 173.13585960844358 21
1757462591246 171.04608975439174 22
1757462591254 167.6002287786563 23
1757462591269 169.06416753884267 24
1757462591278 169.19143891329657 25
1757462591288 165.56870521148005 26
1757462591298 164.31989792576493 27
1757462591306 172.66755927910512 28
1757462591315 168.78557619731652 29
1757462591322 169.34312321257235 30
1757462591330 170.44259020539252 31
1757462591341 170.33795583949123 32
1757462591351 169.6389408561241 33
1757462591358 167.96722686146424 34
1757462591369 168.6286393372401 35
1757462591384 159.95355881293418 36
1757462591396 166.9453078474171 37
1757462591410 173.3987815192968 38
1757462591420 166.7237009098938 39
1757462591435 166.35482819864677 40
1757462591457 166.89327524923965 41
1757462591464 167.99623557232042 42
1757462591481 167.73947504796283 43
1757462591495 168.17145718744683 44
1757462591515 167.0000845879335 45
1757462591524 169.5062390198967 46
1757462591535 165.07538200508654 47
1757462591553 169.812498522586 48
1757462591560 167.59088732761012 49
1757462591575 168.74419853277575 50
1757462591583 169.73742234967568 51
1757462591593 167.7341104201774 52
1757462591606 168.58233578961665 53
1757462591624 167.88661108709303 54
1757462591635 169.6138190971588 55
1757462591650 168.21092111436502 56
1757462591658 169.0320338272531 57
1757462591673 168.0453590296803 58
1757462591688 170.3675313216912 59
1757462591695 167.90533702871295 60
1757462591706 178.25973018252563 61
1757462591717 164.8892482762514 62
1757462591728 169.1460905556546 63
1757462591745 168.30044027942506 64
1757462591763 167.43227792373662 65
1757462591770 165.41034064071243 66
1757462591778 167.78490359481958 67
1757462591799 170.04955179225936 68
1757462591809 172.90606737775488 69
1757462591823 167.37467808435812 70
1757462591831 169.93754231559853 71
1757462591847 169.304160484389 72
1757462591857 164.231971263469 73
1757462591871 169.30434002891502 74
1757462591892 169.3989367975062 75
1757462591908 169.6259749259022 76
1757462591917 168.56932530912317 77
1757462591925 164.51717053790225 78
1757462591941 163.72099348706922 79
1757462591949 167.24032213411775 80
1757462591979 168.5738519234928 81
1757462591995 165.95250691906028 82
1757462592011 171.36744517601204 83
1757462592028 167.19705117468982 84
1757462592040 171.1353765335122 85
1757462592047 165.47439825398786 86
1757462592056 169.81692743795668 87
1757462592064 171.04302773476178 88
1757462592077 163.5155834235038 89
1757462592085 167.28823245724092 90
1757462592094 163.38712235196067 91
1757462592104 166.49655323778256 92
1757462592127 167.7017504996265 93
1757462592136 167.0199304925232 94
1757462592145 168.78489769257982 95
1757462592154 168.26707655307086 96
1757462592173 169.4500694290501 97
1757462592189 166.60391755184702 98
1757462592197 169.47419630025803 99
1757462592211 170.34993410832703 100
1757462592225 165.07285849692113 101
1757462592234 172.4500308179018 102
1757462592259 168.91434976521828 103
1757462592271 166.37113642483428 104
1757462592284 170.08666286117867 105
1757462592301 166.89497558278816 106
1757462592310 169.39025800727276 107
1757462592327 175.8144218642155 108
1757462592346 168.45039135786823 109
1757462592354 167.54371156250085 110
1757462592364 165.6044839204401 111
1757462592377 164.70815688190692 112
1757462592388 169.67130015554005 113
1757462592406 169.91499799426265 114
1757462592421 165.27116098856806 115
1757462592432 165.91037403694844 116
1757462592446 166.89373752240166 117
1757462592463 168.41105558497443 118
1757462592471 168.4883420512015 119
1757462592484 165.8947021828983 120
1757462592493 165.5894486485866 121
1757462592502 163.95919441095862 122
1757462592518 165.46218605053758 123
1757462592530 167.15792268096308 124
1757462592539 166.91609125518838 125
1757462592556 171.1232471490082 126
1757462592567 172.10119284631185 127
1757462592576 170.70987968779303 128
1757462592585 167.78248088710433 129
1757462592594 171.06862875903508 130
1757462592607 170.31654477224401 131
1757462592618 164.9569730671605 132
1757462592633 171.70957920014473 133
1757462592642 168.19411851046527 134
1757462592652 167.57686239113542 135
1757462592661 163.93014196357103 136
1757462592671 166.144098181293 137
1757462592681 171.39283405678225 138
1757462592691 170.400467735441 139
1757462592700 167.27629321360956 140
1757462592710 168.69770218584307 141
1757462592727 167.46335033352744 142
1757462592736 167.7944190403934 143
1757462592747 168.65674249988302 144
1757462592761 163.10135628090882 145
1757462592774 172.93993612382994 146
1757462592791 164.86340570160584 147
1757462592802 170.01868748178458 148
1757462592813 165.53395499019143 149
1757462592832 167.42570745472614 150
1757462592850 165.40864899531357 151
1757462592874 166.35894327838173 152
1757462592883 163.6439763917091 153
1757462592896 165.6120239445163 154
1757462592906 170.15276519763813 155
1757462592921 168.03764529360473 156
1757462592935 161.5082110589446 157
1757462592946 167.7929634487421 158
1757462592967 169.30874515282966 159
1757462592987 166.28458853151602 160
1757462593001 164.64134765384918 161
1757462593014 164.96922184272128 162
1757462593030 168.89712539932077 163
1757462593044 166.53626595060922 164
1757462593059 169.9414198510997 165
1757462593079 164.20797512931 166
1757462593088 168.40786995226506 167
1757462593102 170.5157711513553 168
1757462593115 170.06350414979482 169
1757462593126 168.59037101290747 170
1757462593143 164.0508146068209 171
1757462593154 169.38073541964343 172
1757462593165 173.32312248341992 173
1757462593174 164.87829840344097 174
1757462593191 167.1519334443396 175
1757462593202 166.80892868465185 176
1757462593215 166.98881652478707 177
1757462593224 165.80050301514763 178
1757462593241 166.9350276390769 179
1757462593255 166.89948918108 180
1757462593274 166.83874226738862 181
1757462593285 165.66790144499726 182
1757462593297 167.33367534106543 183
1757462593307 165.25217130556322 184
1757462593320 168.74479683482525 185
1757462593333 170.2695202826067 186
1757462593353 168.9957582368476 187
1757462593363 167.613566510973 188
1757462593374 167.430957260029 189
1757462593395 168.27278529153722 190
1757462593415 164.8254123696467 191
1757462593424 171.50658739312763 192
1757462593443 164.25021537769487 193
1757462593459 165.62316729962492 194
1757462593470 168.43904119789644 195
1757462593485 168.33992353241644 196
1757462593507 170.08410935273423 197
1757462593524 165.4562872209865 198
1757462593534 164.42886593806412 199
1757462593549 166.35106665252252 200
1757462593568 172.23783675236302 201
1757462593590 166.7246366825555 202
1757462593605 167.2835235014121 203
1757462593617 166.90310094034731 204
1757462593628 167.3922904256552 205
1757462593639 166.70519778548157 206
1757462593650 163.29900144434217 207
1757462593666 172.39903188528424 208
1757462593680 166.12888017306224 209
1757462593691 168.81857906738713 210
1757462593707 172.6627384046374 211
1757462593724 166.47693741353316 212
1757462593740 171.360205964033 213
1757462593762 164.9215765641822 214
1757462593788 174.3732287281751 215
1757462593805 164.57384630427242 216
1757462593817 169.722855614608 217
1757462593831 169.38712197395745 218
1757462593843 165.54790689017963 219
1757462593869 165.28947490809037 220
1757462593889 169.477958619646 221
1757462593922 170.6146393946679 222
1757462593933 164.53065794885978 223
1757462593952 168.07076112237934 224
1757462593975 166.3176889008837 225
1757462593991 165.88295806723062 226
1757462594008 165.18964612909858 227
1757462594026 162.08897580891323 228
1757462594046 169.3530050173662 229
1757462594057 169.7496015068539 230
1757462594078 166.8965409756019 231
1757462594091 168.04298883258056 232
1757462594105 169.06481069346836 233
1757462594120 170.140585160822 234
1757462594132 165.50296961778827 235
1757462594148 167.65656175672467 236
1757462594174 167.65945177943564 237
1757462594198 168.85204331820498 238
1757462594216 164.4156758003709 239
1757462594237 168.97986895285646 240
1757462594248 172.42628618528846 241
1757462594264 167.54809284365786 242
1757462594274 168.41897127818083 243
1757462594289 171.98092840139924 244
1757462594300 165.46420670078584 245
1757462594317 170.56026101321996 246
1757462594330 162.39536285217986 247
1757462594360 168.26847984526734 248
1757462594378 167.26641484678197 249
1757462594399 165.26573815282723 250
1757462594416 165.14828060750165 251
1757462594432 166.52180743089127 252
1757462594443 168.61083182068438 253
1757462594460 169.60984266871841 254
1757462594471 170.23933347551895 255
1757462594494 169.49579026608836 256
1757462594505 170.96953883959836 257
1757462594523 166.95985422544413 258
1757462594533 173.50912777828168 259
1757462594548 162.24002987675422 260
1757462594561 170.96553476937433 261
1757462594573 183.68852732686116 262
1757462594587 171.22044695712856 263
1757462594603 168.26911111752494 264
1757462594626 166.15412055836674 265
1757462594647 168.70846812022629 266
1757462594670 169.633760453116 267
1757462594686 166.99811358309188 268
1757462594699 166.37217977749057 269
1757462594713 164.83286509739162 270
1757462594733 165.7396962817691 271
1757462594755 168.09035233946378 272
1757462594772 170.93407130864114 273
1757462594793 164.99942180768645 274
1757462594805 166.57908208334902 275
1757462594831 166.85700532693443 276
1757462594843 168.03758375652677 277
1757462594862 170.2596115394056 278
1757462594881 168.9430760797509 279
1757462594905 169.31575532388223 280
1757462594922 170.797396996851 281
1757462594940 163.26622426277825 282
1757462594965 169.6959316638953 283
1757462594992 169.91234794278625 284
1757462595006 170.4792871756655 285
1757462595018 165.86737187214453 286
1757462595031 166.6714221454048 287
1757462595043 164.13365786751558 288
1757462595057 168.96677611455834 289
1757462595069 166.26196734449536 290
1757462595082 162.60838890700734 291
1757462595095 171.18439934772306 292
1757462595108 166.63558018088207 293
1757462595129 164.76617065118273 294
1757462595152 165.2312393262991 295
1757462595167 170.78430565485135 296
1757462595182 168.29992812079834 297
1757462595196 165.6241144976176 298
1757462595215 167.75840259207394 299
1757462595228 161.46245945445648 300
1757462595249 165.58853891203125 301
1757462595269 165.19954641739213 302
1757462595293 171.01003065434483 303
1757462595309 163.40648257818663 304
1757462595324 171.82605461280485 305
1757462595355 165.34404650729346 306
1757462595378 166.56655420985442 307
1757462595417 169.61040166028738 308
1757462595443 166.0846430237096 309
1757462595473 166.0575116755453 310
1757462595488 164.46722329505394 311
1757462595521 168.53379047197845 312
1757462595539 170.797460267873 313
1757462595552 164.96283748747777 314
1757462595578 170.41561828945294 315
1757462595598 170.02163337600143 316
1757462595615 169.42859864866216 317
1757462595633 163.6415412402307 318
1757462595654 170.61729921471073 319
1757462595671 170.30142163072392 320
1757462595689 168.20488802120872 321
1757462595707 169.97891364335223 322
1757462595725 168.75139047011646 323
1757462595745 165.71944052527803 324
1757462595783 166.90473359450547 325
1757462595806 169.33789172237428 326
1757462595821 168.31077279419804 327
1757462595844 165.33862408920737 328
1757462595863 168.4594679022785 329
1757462595880 171.58912051580154 330
1757462595899 169.15009133259446 331
1757462595926 169.2794588812464 332
1757462595945 165.31412062173527 333
1757462595973 163.23888217287572 334
1757462595990 163.4785349822149 335
1757462596005 169.3763445285912 336
1757462596033 167.88671857714485 337
1757462596045 166.13123691232138 338
1757462596062 167.7837948557489 339
1757462596077 167.17956872106595 340
1757462596090 168.90804277188207 341
1757462596109 168.82529471061497 342
1757462596125 169.77295874789985 343
1757462596148 170.08374003138593 344
1757462596168 166.78438409063114 345
1757462596185 166.902521212586 346
1757462596211 168.1823557007734 347
1757462596253 170.72380601478787 348
1757462596290 171.2813686906334 349
1757462596303 166.8070288027715 350
1757462596326 166.02548992223194 351
1757462596346 163.89778741563774 352
1757462596364 171.06275739479207 353
1757462596392 166.82040347174845 354
1757462596411 165.72218467902476 355
1757462596428 167.67845875184972 356
1757462596476 173.49574407286542 357
1757462596490 161.28409395171934 358
1757462596508 168.8023737652801 359
1757462596528 163.84196605569815 360
1757462596547 193.09266263036704 361
1757462596568 167.89723128910728 362
1757462596585 166.33105807892466 363
1757462596618 170.6617235571186 364
1757462596642 162.6278647825588 365
1757462596670 164.15974432722285 366
1757462596694 168.7334665412846 367
1757462596712 166.23319358017034 368
1757462596730 163.1805968886082 369
1757462596745 169.57660803515523 370
1757462596760 161.4065071924553 371
1757462596779 171.506773447832 372
1757462596798 164.5438797046069 373
1757462596816 164.27994941181123 374
1757462596833 164.47082971589424 375
1757462596847 171.07201512798846 376
1757462596861 160.63630811166706 377
1757462596879 163.84265060359962 378
1757462596908 167.1322765487678 379
1757462596937 161.76161865241522 380
1757462596963 165.6002416722351 381
1757462596989 169.5046856618211 382
1757462597008 164.32305831252293 383
1757462597022 168.10073848392997 384
1757462597036 168.09037158760452 385
1757462597050 165.02334008619135 386
1757462597071 167.65841119416405 387
1757462597085 167.93684693001654 388
1757462597099 168.16317324740763 389
1757462597114 166.56767001569972 390
1757462597128 163.20145610669363 391
1757462597156 173.17270645903682 392
1757462597185 165.09460591228523 393
1757462597219 165.57976703719993 394
1757462597240 167.748547950883 395
1757462597270 165.12565897611546 396
1757462597298 172.70220766279266 397
1757462597326 169.51059497829897 398
1757462597339 172.88840018414552 399
1757462597360 165.78463444894314 400
1757462597373 164.68978149824028 401
1757462597399 164.52776188967573 402
1757462597419 168.5611106803567 403
1757462597439 169.42827064387276 404
1757462597462 171.52409401877736 405
1757462597486 163.52289762063748 406
1757462597507 170.15884895517107 407
1757462597536 170.73306777648685 408
1757462597555 162.8416206874056 409
1757462597579 161.95449560570262 410
1757462597597 171.05484091091634 411
1757462597638 166.91272228767457 412
1757462597657 165.5900777652605 413
1757462597676 189.39776808223812 414
1757462597694 165.79578466933168 415
1757462597709 169.76045549603936 416
1757462597731 164.00563953016095 417
1757462597758 170.33958719080715 418
1757462597782 169.9845103684549 419
1757462597811 165.29997081965075 420
1757462597830 165.15783569427447 421
1757462597853 174.06402050955387 422
1757462597880 168.46473393652536 423
1757462597894 167.88415532427385 424
1757462597928 166.13561456832508 425
1757462597944 167.1172061075493 426
1757462597965 166.9894449698913 427
1757462597984 165.97614286922217 428
1757462598004 169.86967593895656 429
1757462598028 175.43046992336087 430
1757462598053 165.7441405363487 431
1757462598075 164.99562093770484 432
1757462598098 161.55363815227793 433
1757462598129 164.15564095258267 434
1757462598148 166.89766843533118 435
1757462598173 165.20924418310761 436
1757462598201 171.0087346893915 437
1757462598225 175.07353217136472 438
1757462598253 163.70250849949295 439
1757462598276 166.55843616187607 440
1757462598298 163.87420643577923 441
1757462598318 169.61531322135738 442
1757462598346 163.78981429091385 443
1757462598366 168.55304278577617 444
1757462598387 167.62322367808576 445
1757462598413 167.4141369523304 446
1757462598432 167.7012496520186 447
1757462598458 169.07587936275704 448
1757462598482 166.48630520152145 449
1757462598503 170.97288013533606 450
1757462598520 166.86443840156218 451
1757462598541 168.7585444639883 452
1757462598556 167.28049854852472 453
1757462598571 167.2076436565601 454
1757462598586 170.89543851585327 455
1757462598601 169.55660573767227 456
1757462598616 167.44688181079533 457
1757462598636 169.75415549511465 458
1757462598656 167.98900549756712 459
1757462598678 165.41910860391602 460
1757462598707 173.46334365705508 461
1757462598721 172.07700010465584 462
1757462598743 170.33024001693832 463
1757462598762 161.5301465809045 464
1757462598784 169.084388921613 465
1757462598804 170.12519376246468 466
1757462598826 162.93499708835859 467
1757462598846 165.8999853537113 468
1757462598880 170.00068166906271 469
1757462598896 167.49121186774963 470
1757462598911 168.17310964116297 471
1757462598926 164.90706666247445 472
1757462598953 167.84380202190115 473
1757462598981 165.47452361744394 474
1757462599010 166.51133053084482 475
1757462599028 165.53925080579643 476
1757462599048 167.61215844618152 477
1757462599070 164.79813654870037 478
1757462599100 166.24716839846806 479
1757462599135 166.91453981522642 480
1757462599162 167.9368332612456 481
1757462599202 170.57134832488296 482
1757462599220 165.12412962768423 483
1757462599243 168.4756657145533 484
1757462599264 164.00913266238163 485
1757462599292 169.1555028238176 486
1757462599315 167.17237769082078 487
1757462599334 166.66041916487444 488
1757462599359 165.89976979722516 489
1757462599377 167.32047038516123 490
1757462599414 164.58992797692764 491
1757462599432 167.3486416843921 492
1757462599453 168.90749624688925 493
1757462599485 171.73954713249722 494
1757462599504 171.5424464642283 495
1757462599534 165.36189628440638 496
1757462599562 170.52057807510994 497
1757462599589 167.44084286330477 498
1757462599604 164.72160754660263 499
