1757462439953 204.58394987387223 0
1757462439994 199.96179738291255 1
1757462440031 274.4360333619555 2
1757462440066 11.995216768903447 3
1757462440107 1262.9957705059512 4
1757462440157 427517.33139424387 5
1757462440219 196300.44736381774 6
1757462440254 4552358.949374619 7
1757462440297 158564561.6676184 8
1757462440331 10808955400.046253 9
1757462440370 73261831.76352519 10
1757462440410 16368825379176.256 11
1757462440465 444001114332898.2 12
1757462440504 9981708928383618.0 13
1757462440548 2322081313953880.5 14
1757462440582 1.7935423280160651e+19 15
1757462440613 1.1481423205148253e+20 16
1757462440656 3.095101724043117e+21 17
1757462440699 1.568302211901425e+23 18
1757462440740 1.1030252778687655e+24 19
1757462440803 1.984437786126214e+26 20
1757462440849 4.353058973923414e+27 21
1757462440894 7.131645143547627e+28 22
1757462440930 4.863666752924089e+30 23
1757462440964 3.03145892111474e+31 24
1757462441010 1.4334617660819575e+33 25
1757462441054 1.1005443104074503e+35 26
1757462441095 1.2380219476549073e+36 27
1757462441143 3.1890572281402316e+37 28
1757462441190 5.877599064984773e+39 29
1757462441281 6.817343455334222e+39 30
1757462441322 1.648497961993771e+42 31
1757462441371 3.952581554191755e+43 32
1757462441414 8.380268455871475e+44 33
1757462441458 6.429875090998513e+46 34
1757462441507 2.9882230711976265e+47 35
1757462441545 2.1112358120465704e+49 36
1757462441598 1.0199108003240903e+52 37
1757462441633 7.331672816066644e+52 38
1757462441682 9.711652642274494e+53 39
1757462441721 1.0569393919880428e+55 40
1757462441756 3.0135694892179523e+56 41
1757462441801 9.842787696455929e+57 42
1757462441849 3.671392720265861e+60 43
1757462441891 1.202833853573065e+61 44
1757462441931 2.5298063630951153e+63 45
1757462441976 8.060244126121377e+63 46
1757462442025 5.885996720602087e+65 47
1757462442064 1.2698431509862288e+66 48
1757462442105 2.5141726678126097e+69 49
1757462442146 1.4457696541374497e+70 50
1757462442186 7.184472125371226e+71 51
1757462442233 2.547066546118781e+72 52
1757462442284 6.522689360988313e+74 53
1757462442345 7.780397784601568e+75 54
1757462442389 8.555550346356074e+75 55
1757462442436 1.6991913802928287e+78 56
1757462442496 9.734526107266296e+81 57
1757462442541 3.457680772436039e+81 58
1757462442601 5.4098512252236655e+82 59
1757462442652 5.003010286204046e+85 60
1757462442702 1.489892622342122e+86 61
1757462442743 3.475034525642002e+87 62
1757462442773 1.3213641663409045e+89 63
1757462442816 3.056818739367321e+90 64
1757462442856 3.3853855034397825e+91 65
1757462442898 1.9214245989025861e+93 66
1757462442941 3.9690971182358795e+81 67
1757462442976 3.042307967984056e+96 68
1757462443012 6.736462362608819e+98 69
1757462443056 2.535467800540838e+99 70
1757462443097 5.577553165024287e+100 71
1757462443139 1.638829951522921e+102 72
1757462443181 5.505003298968316e+103 73
1757462443225 3.611294965186238e+104 74
1757462443264 4.003551349773091e+106 75
1757462443306 1.1521237589702738e+109 76
1757462443383 1.4736102777325202e+109 77
1757462443438 6.066270756386999e+110 78
1757462443488 2.956033997206213e+112 79
1757462443549 7.6920078277858045e+112 80
1757462443601 1.5806865346716885e+115 81
1757462443643 7.743007230034782e+116 82
1757462443693 2.1682106200127042e+117 83
1757462443747 1.7913493479451533e+120 84
1757462443790 6.357649678057068e+120 85
1757462443837 8.227566995103014e+122 86
1757462443905 1.057694117337174e+124 87
1757462443950 4.976297355499367e+126 88
1757462443990 1.0912210976715908e+126 89
1757462444034 1.2575583994441077e+128 90
1757462444081 4.290083704852306e+129 91
1757462444129 8.048999470571456e+129 92
1757462444200 5.195113093623983e+132 93
1757462444235 3.1825537689233233e+134 94
1757462444281 3.6623127062887605e+135 95
1757462444323 7.553710144270494e+136 96
1757462444379 4.5105813097374825e+138 97
1757462444424 2.134952498338386e+140 98
1757462444470 6.693075864979329e+141 99
1757462444515 2.5508958575767325e+144 100
1757462444561 4.0676541691756133e+144 101
1757462444608 1.1680460779865263e+145 102
1757462444648 2.1956625298132207e+147 103
1757462444687 4.937928810449838e+146 104
1757462444734 1.8332285676053023e+150 105
1757462444784 8.193992626883255e+150 106
1757462444823 9.804221330408373e+149 107
1757462444893 6.173778715353267e+154 108
1757462444932 2.32467453790462e+156 109
1757462444980 3.886870489357819e+157 110
1757462445035 8.150956159150712e+158 111
1757462445088 1.2516376679685503e+161 112
1757462445128 5.567444456187355e+162 113
1757462445167 1.7521529829249403e+163 114
1757462445219 4.89398365250633e+164 115
1757462445269 4.9384344201702073e+166 116
1757462445317 9.734147455861145e+167 117
1757462445370 1.0079187767016854e+169 118
1757462445408 3.9674824601429713e+170 119
1757462445440 3.1664516659528155e+172 120
1757462445480 8.44560837630726e+173 121
1757462445519 1.506747869075401e+175 122
1757462445561 6.1817653194768686e+175 123
1757462445600 4.0248460997221677e+177 124
1757462445643 3.9963457330694986e+179 125
1757462445683 7.643375197253943e+179 126
1757462445720 4.656783835900354e+183 127
1757462445762 1.9229065330506572e+184 128
1757462445807 3.5153200815078336e+185 129
1757462445850 1.3331547681352875e+186 130
1757462445900 5.7435811901255416e+187 131
1757462445942 3.840184017947098e+189 132
1757462445983 4.736798338372627e+192 133
1757462446021 4.875819492670004e+192 134
1757462446066 1.0125780187992533e+193 135
1757462446112 1.0714381919512013e+196 136
1757462446152 2.0350393635190908e+197 137
1757462446205 3.6996013658833776e+197 138
1757462446247 9.517795412416514e+199 139
1757462446292 5.715302387239834e+200 140
1757462446331 3.2120382141836896e+202 141
1757462446372 4.272456625701129e+204 142
1757462446414 3.836180266633566e+205 143
1757462446453 2.4964018734323637e+207 144
1757462446498 1.0195058708715786e+209 145
1757462446544 6.0491604531388234e+209 146
1757462446584 2.228213548234823e+211 147
1757462446626 7.317625359884708e+212 148
1757462446675 4.381485184031308e+214 149
1757462446726 1.4126453298788043e+216 150
1757462446778 2.2052816206171624e+217 151
1757462446824 1.2711406621655906e+218 152
1757462446865 1.8629669088358802e+220 153
1757462446905 1.497221141871228e+221 154
1757462446942 1.0534027686123791e+222 155
1757462446988 3.1841433730464738e+224 156
1757462447024 9.280607228160914e+226 157
1757462447064 3.325828406498186e+227 158
1757462447125 7.386984989260822e+228 159
1757462447174 7.280835850874542e+229 160
1757462447214 5.426267130091341e+232 161
1757462447265 3.672169173526276e+233 162
1757462447310 2.759039695325112e+235 163
1757462447352 2.712263497901072e+236 164
1757462447393 1.0168715554386375e+238 165
1757462447434 1.593697490799976e+239 166
1757462447476 1.1207035788304064e+241 167
1757462447515 4.027577555174963e+242 168
1757462447556 2.4750733275524954e+242 169
1757462447602 4.225416049721422e+245 170
1757462447653 1.077845807838649e+245 171
1757462447695 5.76172062385736e+248 172
1757462447734 8.510477162406217e+247 173
1757462447791 4.789724287067875e+250 174
1757462447830 4.940916662669008e+252 175
1757462447863 1.5227493499845103e+255 176
1757462447900 5.835089389822999e+254 177
1757462447948 1.0723791077755325e+257 178
1757462447990 5.827303678771914e+257 179
1757462448039 1.354587082042292e+259 180
1757462448094 1.5923494660410086e+261 181
1757462448133 2.855136216866758e+263 182
1757462448175 1.4192252866623224e+264 183
1757462448215 4.089219046044529e+264 184
1757462448257 3.8302861969380062e+267 185
1757462448299 3.2325870761172965e+267 186
1757462448335 1.2502967736573625e+270 187
1757462448381 6.984786061944106e+271 188
1757462448428 4.3243064210546524e+273 189
1757462448466 3.1572902466350816e+274 190
1757462448517 1.2532396648369487e+276 191
1757462448570 4.402412731344846e+277 192
1757462448618 1.0497875612322804e+279 193
1757462448672 5.402682965117437e+280 194
1757462448716 5.143217380509202e+281 195
1757462448762 1.37965665591378e+283 196
1757462448817 4.261884735360819e+284 197
1757462448863 8.525738834055938e+285 198
1757462448908 1.4929727388755285e+289 199
1757462448953 5.004981707014588e+288 200
1757462449006 4.951592106474616e+290 201
1757462449039 2.1835481507126428e+291 202
1757462449073 2.0889899987654302e+294 203
1757462449107 2.063127646863702e+295 204
1757462449162 2.6353355380421043e+296 205
1757462449197 1.3071040436246135e+296 206
1757462449248 2.812115611139965e+299 207
1757462449296 3.8414015352329685e+300 208
1757462449346 1.3074062916838607e+302 209
1757462449397 3.789434676512538e+303 210
1757462449452 2.971495108531022e+305 211
1757462449496 3.843098846748417e+306 212
